0.00025753
0.00025753
0.00025753
0.00025753
0.00025753
0.00025753
0.00025753
0.00025753
0.00025753
0.00025753
0.00025753
0.00025753
0.00025753
0.00025753
0.00025753
0.00025753
0.00025753
0.00025753
0.00025753
0.00025753
0.00025753
0.00025753
0.00025753
0.00025753
0.00025753
0.00025753
0.00025753
0.00025753
0.00025753
0.00025753
0.00025753
0.00025753
0.00025753
0.00025753
0.00025753
0.00025753
0.00025753
0.00025753
0.00025753
0.00025753
0.00025753
0.00025753
0.00025753
0.00025753
0.00025753
0.00025753
0.00025753
0.00025753
0.00025753
0.00025753
0.00025753
0.00025753
0.00025753
0.00025753
0.00025753
0.00025753
0.00025753
0.00025753
0.00025753
0.00025753
0.00025753
0.00025753
0.00025753
0.00025753
0.00025753
0.00025753
0.00025753
0.00025753
0.00025753
0.00025753
0.00025753
0.00025753
0.00025753
0.00025753
0.00025753
0.00025753
0.00025753
0.00025753
0.00025753
0.00025753
0.00025753
0.00025753
0.00025753
0.00025753
0.00025753
0.00025753
0.00025753
0.00025753
0.00025753
0.00025753
0.00025753
0.00025753
0.00025753
0.00025753
0.00025753
0.00025753
0.00025753
0.00025753
0.00025753
0.00025753
0.88681
0.87148
0.85908
0.84921
0.82001
0.77148
0.70972
0.67542
0.72576
0.77538
0.8146
0.84694
0.86099
0.85885
0.85725
0.83071
0.7832
0.75341
0.75248
0.79125
0.83086
0.85508
0.86814
0.87567
0.87065
0.86063
0.83257
0.80275
0.80414
0.81914
0.84393
0.86769
0.87693
0.88519
0.88219
0.87936
0.85875
0.83417
0.82792
0.83416
0.85949
0.8756
0.8911
0.89739
0.90083
0.89979
0.88432
0.86287
0.84653
0.84645
0.8575
0.87632
0.88513
0.89272
0.89708
0.89318
0.88962
0.87685
0.86367
0.85958
0.8639
0.87841
0.88606
0.89096
0.89568
0.89165
0.89028
0.88439
0.86701
0.85389
0.86101
0.87324
0.88387
0.88603
0.89487
0.8912
0.89536
0.89169
0.8834
0.8768
0.86411
0.86618
0.88005
0.88493
0.88995
0.88987
0.89332
0.89176
0.88731
0.87452
0.86909
0.87152
0.88149
0.88735
0.89138
0.89382
0.89636
0.8918
0.88614
0.87916
0.87431
0.87085
0.88741
0.88826
0.89465
0.89562
0.89615
0.89578
0.88857
0.88412
0.87925
0.88041
0.88096
0.88438
0.88917
0.89639
0.8989
0.89508
0.89539
0.89871
0.89188
0.88474
0.88662
0.89117
0.89441
0.90073
0.89871
0.90015
0.90075
0.89202
0.88541
0.88706
0.88618
0.88689
0.89237
0.89535
0.8979
0.90464
0.903
0.90498
0.90467
0.89931
0.89214
0.89157
0.89618
0.89601
0.90271
0.90151
0.90317
0.90082
0.89736
0.89789
0.89662
0.89176
0.89566
0.90281
0.90653
0.9088
0.9061
0.91079
0.90946
0.90704
0.90562
0.90908
0.91066
0.90843
0.91153
0.91137
0.91098
0.91263
0.91299
0.90873
0.91081
0.90497
0.90555
0.90966
0.90876
0.91084
0.91299
0.91531
0.91723
0.9162
0.91124
0.90881
0.91362
0.90954
0.9139
0.91609
0.91576
0.91424
0.91836
0.91712
0.9201
0.91447
0.91447
0.91322
0.915
0.91868
0.91854
0.91829
0.91921
0.92253
0.92074
0.92125
0.9189
0.91728
0.91957
0.91801
0.92524
0.92374
0.92612
0.92162
0.92431
0.92113
0.91852
0.91917
0.91989
0.91705
0.9216
0.91983
0.92102
0.92093
0.92435
0.92154
0.92044
0.91787
0.91944
0.92253
0.91999
0.92469
0.92242
0.92212
0.92325
0.92064
0.92153
0.92289
0.91979
0.92051
0.92103
0.924
0.92424
0.92268
0.92488
0.92352
0.92054
0.9233
0.92165
0.92111
0.92027
0.92267
0.92324
0.92101
0.92274
0.92069
0.91817
0.9157
0.91885
0.91631
0.92058
0.92182
0.92216
0.9232
0.92423
0.92193
0.91851
0.91936
0.91917
0.91953
0.91845
0.91919
0.91972
0.91905
0.91788
0.92079
0.92051
0.92027
0.92132
0.92068
0.92314
0.92331
0.92159
0.92409
0.92031
0.91836
0.91768
0.91704
0.91815
0.91844
0.92186
0.92228
0.92651
0.92377
0.92393
0.92466
0.92271
0.92288
0.92032
0.91981
0.92387
0.92429
0.92066
0.92417
0.9194
0.91741
0.91639
0.91943
0.92159
0.92056
0.92404
0.92427
0.9282
0.92779
0.92404
0.92381
0.92722
0.92812
0.92626
0.92322
0.92336
0.92559
0.92255
0.92382
0.92376
0.92474
0.92268
0.92214
0.92588
0.92371
0.92144
0.91983
0.9206
0.91879
0.9262
0.92544
0.92721
0.92909
0.93058
0.92894
0.92888
0.92671
0.92809
0.92619
0.92811
0.92923
0.92667
0.92777
0.92753
0.92822
0.92604
0.9255
0.9262
0.92682
0.92979
0.92552
0.92505
0.92474
0.92769
0.92076
0.92943
0.92808
0.92775
0.93205
0.93517
0.93577
0.93327
0.93255
0.93144
0.929
0.9304
0.93189
0.93033
0.93338
0.93482
0.93298
0.93277
0.93491
0.93275
0.93073
0.9315
0.93186
0.93505
0.93124
0.92984
0.93186
0.92835
0.92907
0.92792
0.93033
0.93085
0.93077
0.93201
0.93092
0.93093
0.9327
0.9327
0.93259
0.93276
0.93631
0.93354
0.93595
0.9354
0.93268
0.93603
0.93259
0.93302
0.92947
0.93232
0.93253
0.93066
0.93416
0.93193
0.93114
0.93448
0.93475
0.9327
0.9323
0.93279
0.93059
0.93296
0.93108
0.93034
0.93249
0.93061
0.92932
0.92946
0.93228
0.93052
0.92848
0.92891
0.92727
0.9311
0.93082
0.9271
0.92223
0.9246
0.92817
0.92924
0.9316
0.93318
0.932
0.93568
0.93481
0.93281
0.93478
0.93371
0.93179
0.93163
0.93338
0.93095
0.92494
0.92871
0.92736
0.92704
0.92768
0.929
0.9327
0.93084
0.93246
0.9316
0.92913
0.93224
0.93057
0.9295
0.93001
0.92947
0.9273
0.92845
0.92553
0.92818
0.92777
0.9303
0.93197
0.93214
0.93326
0.93023
0.92963
0.9302
0.93119
0.92629
0.93241
0.93194
0.93047
0.93234
0.93251
0.93333
0.93458
0.93567
0.93234
0.93504
0.93015
0.93028
0.93182
0.93177
0.93129
0.93112
0.93158
0.9288
0.93439
0.92923
0.93031
0.93012
0.92942
0.92867
0.93115
0.92841
0.93145
0.92789
0.93077
0.93083
0.92917
0.93267
0.92902
0.93206
0.93079
0.93121
0.92832
0.93226
0.93193
0.92883
0.93176
0.92943
0.93017
0.93019
0.9305
0.93288
0.93231
0.93029
0.92811
0.92914
0.92857
0.93033
0.93138
0.9301
0.92962
0.93278
0.93354
0.93224
0.93041
0.92995
0.93119
0.92992
0.92642
0.93167
0.93025
0.9298
0.93302
0.93246
0.93124
0.92831
0.92978
0.92963
0.93033
0.93112
0.93373
0.93202
0.92829
0.93098
0.92836
0.9339
0.93128
0.93545
0.93565
0.93474
0.93739
0.93804
0.93447
0.93504
0.92955
0.93592
0.93178
0.93044
0.92991
0.93139
0.93025
0.9335
0.9328
0.92997
0.92846
0.92943
0.93114
0.92912
0.93112
0.9291
0.92842
0.93147
0.93061
0.93038
0.92886
0.93112
0.92984
0.93281
0.93398
0.93391
0.93479
0.93307
0.93002
0.93063
0.93363
0.92732
0.92776
0.93056
0.92843
0.92791
0.92883
0.92846
0.92564
0.92554
0.92556
0.92406
0.92199
0.92474
0.92318
0.92837
0.92863
0.9314
0.93025
0.93215
0.9299
0.92865
0.93292
0.93365
0.93229
0.92988
0.92852
0.93258
0.92984
0.92666
0.92508
0.93087
0.93178
0.93125
0.93459
0.9349
0.93139
0.93429
0.92795
0.93034
0.9272
0.9307
0.93117
0.93246
0.93016
0.93205
0.92699
0.92732
0.93094
0.92807
0.92958
0.93247
0.93137
0.93182
0.93425
0.93019
0.93192
0.92845
0.92926
0.92815
0.93035
0.93038
0.93245
0.92968
0.92744
0.93073
0.92957
0.92659
0.92594
0.9199
0.92157
0.92136
0.92502
0.92412
0.9247
0.92409
0.92711
0.92696
0.92878
0.92752
0.9347
0.92659
0.92548
0.92741
0.92548
0.93277
0.92772
0.92825
0.92238
0.92697
0.92619
0.9247
0.92409
0.92607
0.92803
0.93087
0.92721
0.93106
0.93036
0.93107
0.92819
0.92794
0.92818
0.925
0.92665
0.92601
0.92833
0.92375
0.9271
0.92763
0.92115
0.92214
0.92049
0.92406
0.92681
0.92844
0.93053
0.93106
0.92702
0.92373
0.92881
0.92831
0.93067
0.92974
0.93534
0.92747
0.9306
0.92807
0.93077
0.92608
0.9266
0.92302
0.92662
0.92353
0.92821
0.93246
0.93132
0.93419
0.93129
0.93129
0.93071
0.925
0.92708
0.92646
0.92581
0.92491
0.92517
0.92911
0.93177
0.93405
0.93452
0.93431
0.93278
0.93233
0.93385
0.93372
0.93667
0.93233
0.93191
0.92942
0.92936
0.92997
0.92885
0.92536
0.92257
0.92736
0.92892
0.93094
0.93115
0.93036
0.93274
0.93047
0.93048
0.9291
0.92949
0.93112
0.93086
0.9306
0.93357
0.93265
0.93015
0.9326
0.92604
0.92789
0.92815
0.92403
0.92736
0.93031
0.93209
0.93116
0.92978
0.93226
0.93023
0.92404
0.92271
0.9278
0.92822
0.92835
0.92552
0.92474
0.92431
0.92451
0.92366
0.92209
0.92483
0.92855
0.92624
0.92935
0.92616
0.92645
0.92526
0.92462
0.92179
0.9231
0.92146
0.92325
0.91692
0.92431
0.92498
0.92319
0.9251
0.92796
0.93455
0.93173
0.93168
0.9263
0.92817
0.92492
0.92977
0.92013
0.92117
0.92549
0.92121
0.92677
0.92784
0.92658
0.92779
0.92657
0.93027
0.92843
0.92942
0.93052
0.93268
0.93362
0.92414
0.92867
0.92513
0.925
0.92846
0.92696
0.92712
0.92501
0.9229
0.92444
0.92461
0.92446
0.92372
0.9214
0.93008
0.92436
0.92719
0.92562
0.92536
0.9273
0.92738
0.92962
0.93063
0.9286
0.92744
0.9284
0.92607
0.92482
0.92218
0.92112
0.91936
0.92264
0.92653
0.9312
0.92918
0.92614
0.92319
0.92515
0.92899
0.92867
0.93168
0.93318
0.93185
0.93162
0.93132
0.92611
0.91897
0.92044
0.91595
0.91741
0.91435
0.91878
0.92236
0.92367
0.92104
0.92063
0.92609
0.92683
0.92959
0.92633
0.92632
0.92274
0.91658
0.91866
0.91334
0.91393
0.91605
0.91493
0.92248
0.92012
0.92376
0.92348
0.92621
0.92446
0.92351
0.92807
0.92876
0.92701
0.92781
0.92735
0.92475
0.92335
0.92511
0.92583
0.92026
0.92735
0.9255
0.9233
0.92747
0.92682
0.92343
0.9239
0.91816
0.9175
0.91744
0.91692
0.9232
0.9262
0.92765
0.92829
0.92354
0.9221
0.92458
0.9251
0.92319
0.92465
0.9275
0.92393
0.92021
0.92107
0.92694
0.92345
0.92222
0.91846
0.92125
0.92341
0.92316
0.92664
0.92226
0.9266
0.9245
0.92773
0.92252
0.9187
0.92475
0.92141
0.9245
0.9253
0.91917
0.92598
0.9294
0.92739
0.92223
0.92751
0.92178
0.92394
0.91864
0.9202
0.92057
0.91662
0.90896
0.91626
0.90855
0.91996
0.91777
0.92532
0.92182
0.91912
0.93112
0.92116
0.92166
0.92432
0.91946
0.92236
0.9172
0.9178
0.9173
0.91897
0.91554
0.9155
0.91459
0.91473
0.91148
0.9054
0.91283
0.9127
0.9142
0.91514
0.91922
0.91816
0.91757
0.92046
0.91955
0.927
0.92677
0.92047
0.919
0.92313
0.91927
0.91751
0.9195
0.91845
0.92696
0.92423
0.92624
0.92152
0.91837
0.92585
0.9195
0.92197
0.92194
0.91845
0.91915
0.92042
0.91989
0.91847
0.91577
0.9061
0.90545
0.91808
0.91255
0.91777
0.92237
0.92018
0.91973
0.92367
0.92595
0.92403
0.92421
0.9156
0.91889
0.91333
0.91955
0.91267
0.9124
0.91939
0.91989
0.92186
0.91736
0.92086
0.91444
0.9158
0.91568
0.91679
0.91591
0.91905
0.91413
0.9159
0.9173
0.91776
0.9122
0.91679
0.9071
0.91953
0.91859
0.91429
0.92395
0.91984
0.92652
0.92585
0.92748
0.92312
0.9253
0.92508
0.92268
0.92183
0.91346
0.90732
0.91427
0.91578
0.91181
0.91516
0.92197
0.92148
0.91738
0.9204
0.92465
0.92643
0.92511
0.92109
0.92174
0.91799
0.90844
0.91075
0.91638
0.91137
0.91017
0.91492
0.90724
0.91553
0.91512
0.91636
0.91247
0.91129
0.91758
0.91158
0.9088
0.90753
0.90813
0.9084
0.90426
0.9058
0.91566
0.91995
0.91509
0.92342
0.9205
0.91812
0.91657
0.91883
0.91786
0.91142
0.90582
0.91862
0.9082
0.91525
0.91384
0.91688
0.92228
0.91386
0.91131
0.90567
0.90637
0.89976
0.9112
0.91318
0.9138
0.90461
0.90856
0.91053
0.91879
0.91552
0.925
0.91773
0.91459
0.92121
0.91888
0.91792
0.91358
0.9076
0.90835
0.90668
0.90955
0.91843
0.90369
0.90893
0.91473
0.91246
0.91559
0.91655
0.91214
0.90658
0.91428
0.90154
0.90682
0.90956
0.90486
0.90913
0.91136
0.90988
0.91653
0.91608
0.92151
0.91209
0.91656
0.91472
0.91501
0.9142
0.91194
0.90845
0.91276
0.91041
0.90911
0.91146
0.90953
0.9147
0.91154
0.91585
0.90523
0.9053
0.90553
0.90233
0.90159
0.90846
0.91378
0.91158
0.90811
0.91037
0.91183
0.90852
0.91466
0.91119
0.91045
0.91007
0.90766
0.90738
0.90987
0.91149
0.90933
0.91455
0.91094
0.90384
0.91253
0.90823
0.91606
0.91487
0.91208
0.90496
0.91162
0.90976
0.90644
0.90989
0.90894
0.91419
0.91696
0.91137
0.90902
0.90697
0.90915
0.91689
0.917
0.91546
0.91148
0.9052
0.90892
0.90722
0.89403
0.90158
0.90759
0.90959
0.90652
0.89713
0.90046
0.90204
0.90219
0.8968
0.90577
0.90224
0.90311
0.91306
0.90702
0.90544
0.89971
0.90162
0.90444
0.9076
0.90208
0.9097
0.90578
0.91125
0.91401
0.9097
0.91043
0.90329
0.90254
0.90307
0.89978
0.89851
0.89422
0.90333
0.89642
0.90084
0.88744
0.903
0.90838
0.90336
0.9145
0.91323
0.91291
0.91196
0.9091
0.91345
0.90585
0.90161
0.91151
0.90089
0.90916
0.9122
0.90377
0.91318
0.90922
0.91616
0.91279
0.91433
0.90627
0.91228
0.90259
0.89678
0.89941
0.88386
0.89686
0.90459
0.90467
0.91354
0.91291
0.91153
0.91595
0.92097
0.90994
0.92138
0.9152
0.91596
0.91248
0.90907
0.90539
0.90248
0.8987
0.90563
0.89484
0.90614
0.90631
0.90714
0.90628
0.91237
0.90941
0.91373
0.91862
0.91193
0.91114
0.91196
0.90793
0.90146
0.90631
0.90471
0.90801
0.91271
0.90845
0.90294
0.90244
0.90894
0.90698
0.90707
0.91302
0.90055
0.91607
0.90992
0.90578
0.90082
0.90284
0.90507
0.91729
0.9154
0.91659
0.91751
0.90414
0.90089
0.90429
0.89875
0.89173
0.89638
0.89638
0.90155
0.89773
0.89655
0.89158
0.90234
0.89856
0.89933
0.90036
0.90709
0.89549
0.89376
0.89448
0.89435
0.88383
0.89615
0.89456
0.8974
0.90648
0.90497
0.89995
0.90609
0.89742
0.8928
0.89831
0.90499
0.89855
0.9025
0.90134
0.90362
0.90147
0.89539
0.90366
0.9121
0.90091
0.90269
0.90167
0.90393
0.91119
0.90846
0.90054
0.90665
0.89906
0.89789
0.90085
0.90923
0.90773
0.89793
0.90275
0.90207
0.90312
0.90315
0.89675
0.91315
0.91327
0.911
0.9103
0.90613
0.90303
0.89435
0.89506
0.8961
0.88846
0.89263
0.89099
0.89276
0.89829
0.8954
0.89745
0.89973
0.89105
0.89016
0.89085
0.89325
0.88778
0.90078
0.89525
0.90186
0.90273
0.89267
0.8981
0.89301
0.89583
0.89872
0.90182
0.90684
0.90133
0.9019
0.90969
0.9073
0.89317
0.89468
0.90615
0.89981
0.90174
0.89619
0.89568
0.88648
0.89192
0.8987
0.9047
0.89439
0.89594
0.90197
0.905
0.9049
0.90578
0.90715
0.89765
0.89507
0.89867
0.89046
0.88903
0.89358
0.89428
0.88375
0.89982
0.89553
0.90063
0.8894
0.90037
0.8983
0.90189
0.90865
0.89477
0.89034
0.88896
0.89534
0.88543
0.8896
0.89724
0.90127
0.90436
0.90228
0.91487
0.90746
0.91156
0.90471
0.89736
0.90595
0.8999
0.90523
0.90381
0.89502
0.89851
0.89451
0.89384
0.89628
0.89895
0.90385
0.90824
0.90966
0.91674
0.91315
0.90951
0.91343
0.89797
0.89684
0.89562
0.8933
0.89793
0.90067
0.90017
0.8893
0.89066
0.89542
0.89752
0.89219
0.89863
0.90462
0.89998
0.90426
0.90606
0.8966
0.90246
0.89238
0.9031
0.88892
0.89627
0.90568
0.90078
0.8977
0.88835
0.89379
0.89328
0.90049
0.89429
0.89356
0.89855
0.88739
0.88872
0.89744
0.89463
0.88818
0.89937
0.88649
0.89514
0.88757
0.89386
0.89709
0.89826
0.89302
0.89874
0.90225
0.90266
0.89627
0.90032
0.90095
0.90557
0.895
0.90363
0.9025
0.89043
0.87919
0.88724
0.89427
0.8757
0.88091
0.89525
0.8877
0.88377
0.89325
0.89381
0.89543
0.89001
0.89895
0.88066
0.89191
0.89545
0.897
0.89925
0.8837
0.88505
0.89214
0.89624
0.89537
0.89087
0.89261
0.89529
0.89955
0.89289
0.90122
0.90197
0.89709
0.89647
0.8853
0.87703
0.87892
0.89192
0.87982
0.89879
0.8827
0.88307
0.89604
0.89627
0.89703
0.88401
0.88634
0.88892
0.88727
0.88811
0.88802
0.89403
0.8949
0.90189
0.89852
0.89364
0.89097
0.90304
0.89395
0.89633
0.89967
0.89121
0.8981
0.89684
0.89639
0.88669
0.89004
0.89111
0.87991
0.87902
0.88663
0.89426
0.8888
0.8887
0.87753
0.89151
0.88318
0.87406
0.88228
0.88908
0.8877
0.88626
0.8972
0.90165
0.89211
0.89195
0.89075
0.88569
0.8869
0.88917
0.88841
0.88922
0.8877
0.88405
0.87587
0.89149
0.88137
0.88605
0.88336
0.88096
0.89036
0.87583
0.88556
0.89427
0.89241
0.87707
0.88555
0.88426
0.88629
0.88809
0.88634
0.87769
0.89126
0.87141
0.88146
0.87997
0.88203
0.87833
0.87396
0.88088
0.87427
0.87801
0.87499
0.89484
0.87505
0.87691
0.8818
0.88065
0.88673
0.88171
0.89668
0.89317
0.88753
0.88982
0.8738
0.87433
0.88287
0.88393
0.86682
0.87992
0.88921
0.88238
0.89009
0.89109
0.88237
0.87998
0.8879
0.88043
0.89008
0.89133
0.89147
0.89207
0.88529
0.87847
0.89131
0.88575
0.89299
0.88051
0.88335
0.87948
0.88822
0.88585
0.86355
0.87553
0.88265
0.88278
0.88557
0.89015
0.87895
0.88506
0.88601
0.87854
0.88336
0.87766
0.86515
0.86727
0.87417
0.87246
0.87492
0.88991
0.89718
0.89901
0.90428
0.90311
0.9011
0.8871
0.88538
0.88722
0.89236
0.8931
0.89299
0.88719
0.88571
0.88409
0.88452
0.87189
0.88919
0.88348
0.89403
0.89049
0.88904
0.87864
0.90388
0.89047
0.88008
0.87602
0.87736
0.86731
0.87083
0.86671
0.87172
0.86385
0.88658
0.87562
0.87632
0.87802
0.87151
0.89029
0.89337
0.89432
0.89452
0.88792
0.88769
0.88429
0.88101
0.8905
0.87729
0.87435
0.87115
0.8779
0.89098
0.89235
0.89728
0.86778
0.88162
0.89776
0.89007
0.87056
0.88725
0.88388
0.88034
0.88981
0.87839
0.89084
0.89164
0.89048
0.89082
0.86916
0.8835
0.88597
0.88621
0.87666
0.87351
0.88064
0.87155
0.88838
0.88892
0.87916
0.88296
0.86417
0.8883
0.87633
0.86368
0.88068
0.87731
0.87546
0.86988
0.88173
0.89156
0.88161
0.87302
0.87899
0.88151
0.89162
0.87913
0.88092
0.88498
0.88687
0.88298
0.8854
0.87093
0.87065
0.87768
0.88083
0.86145
0.84684
0.86104
0.88274
0.88315
0.8874
0.87857
0.88957
0.88264
0.8733
0.87533
0.8811
0.89092
0.8856
0.85568
0.8892
0.89435
0.88896
0.8939
0.89609
0.88968
0.88098
0.8789
0.87646
0.87669
0.86941
0.87755
0.86025
0.87428
0.86891
0.87188
0.86826
0.87865
0.88807
0.89855
0.89792
0.89195
0.88845
0.88547
0.87298
0.85904
0.86696
0.86691
0.85899
0.86029
0.87802
0.85686
0.87696
0.86415
0.86746
0.87567
0.8741
0.88832
0.87507
0.86697
0.87182
0.86385
0.88091
0.88143
0.89062
0.88801
0.8937
0.88468
0.89611
0.89412
0.88966
0.88593
0.88519
0.88973
0.87878
0.888
0.88248
0.88124
0.88256
0.86691
0.87587
0.87059
0.85692
0.87945
0.89538
0.86968
0.89141
0.87659
0.88204
0.88106
0.8811
0.87201
0.84449
0.86107
0.85655
0.86433
0.86502
0.86538
0.87528
0.88075
0.89291
0.88506
0.87655
0.8838
0.88753
0.8813
0.87467
0.8697
0.87072
0.85804
0.85753
0.87048
0.86525
0.87477
0.88058
0.87716
0.86848
0.88109
0.87482
0.87381
0.86691
0.88801
0.88824
0.89611
0.87761
0.8872
0.87167
0.87709
0.87547
0.87941
0.88605
0.87946
0.86876
0.87312
0.86643
0.85719
0.84543
0.86579
0.85334
0.87131
0.85002
0.88282
0.87612
0.86294
0.86877
0.86219
0.87173
0.86428
0.89397
0.87157
0.87098
0.87518
0.87555
0.87275
0.86559
0.87091
0.85444
0.87316
0.85489
0.87141
0.8663
0.87079
0.86603
0.86679
0.86
0.85703
0.84595
0.8599
0.87182
0.85104
0.86671
0.8517
0.86273
0.87288
0.85378
0.87897
0.85506
0.87177
0.87807
0.86451
0.86434
0.85431
0.87428
0.87737
0.88522
0.86022
0.87705
0.88173
0.87435
0.86865
0.86857
0.86554
0.86186
0.8591
0.86705
0.87467
0.86104
0.85915
0.86802
0.86232
0.87579
0.84669
0.84026
0.86652
0.87496
0.85425
0.86833
0.87752
0.88694
0.87331
0.88973
0.8849
0.88785
0.85792
0.85341
0.86196
0.87535
0.86863
0.86521
0.8595
0.85336
0.86022
0.85971
0.87077
0.86031
0.85362
0.85503
0.87457
0.86276
0.87009
0.86134
0.86295
0.86945
0.86845
0.87555
0.87045
0.87544
0.86974
0.85976
0.87721
0.8722
0.8729
0.85056
0.87652
0.85039
0.85247
0.87712
0.87269
0.87153
0.87857
0.86892
0.86972
0.85183
0.86086
0.85635
0.83927
0.86476
0.86315
0.8723
0.85224
0.86537
0.84737
0.87195
0.85487
0.86814
0.87172
0.8729
0.86747
0.8771
0.87189
0.87875
0.87039
0.87975
0.86061
0.87524
0.86706
0.87649
0.8716
0.86419
0.87446
0.87932
0.87871
0.86851
0.88254
0.85718
0.87834
0.88078
0.85982
0.88041
0.86623
0.84582
0.8551
0.85844
0.85317
0.8619
0.86541
0.86931
0.85789
0.86927
0.88197
0.85877
0.86664
0.88099
0.87753
0.89035
0.87761
0.8852
0.8935
0.86983
0.86334
0.85439
0.85507
0.82425
0.83679
0.86436
0.8565
0.86353
0.86556
0.86703
0.87481
0.86977
0.88279
0.8827
0.87469
0.86036
0.87197
0.87202
0.8614
0.86727
0.86988
0.85016
0.85608
0.85084
0.85881
0.86055
0.86949
0.8655
0.85779
0.87157
0.87336
0.86726
0.86509
0.86843
0.86159
0.85848
0.85006
0.8611
0.8469
0.85692
0.85739
0.84265
0.8598
0.86316
0.86204
0.86664
0.86112
0.8788
0.84991
0.85663
0.86099
0.86007
0.87331
0.84327
0.85224
0.87167
0.84832
0.84866
0.84615
0.84076
0.84805
0.84212
0.85525
0.85472
0.85574
0.84023
0.83903
0.84379
0.86012
0.839
0.84728
0.86171
0.86447
0.86526
0.86715
0.86509
0.86286
0.8448
0.86698
0.84291
0.8443
0.84051
0.86934
0.86869
0.85317
0.85942
0.87164
0.86468
0.86498
0.88391
0.86679
0.86497
0.87188
0.86494
0.85358
0.85146
0.83744
0.85137
0.84601
0.85439
0.83566
0.86013
0.86128
0.84736
0.8617
0.85285
0.86568
0.83231
0.85671
0.86256
0.85942
0.86027
0.85181
0.85648
0.84131
0.8596
0.84197
0.85558
0.87099
0.84587
0.84583
0.84172
0.83735
0.84545
0.86108
0.85557
0.84685
0.85958
0.84064
0.84762
0.87252
0.85247
0.86205
0.84349
0.8551
0.86482
0.86073
0.84336
0.84847
0.86616
0.86763
0.8645
0.87423
0.87971
0.86128
0.88178
0.85664
0.86004
0.84134
0.86034
0.84766
0.83661
0.84891
0.8581
0.85716
0.84439
0.86353
0.87759
0.87074
0.8647
0.85416
0.82812
0.84081
0.83679
0.83518
0.83161
0.83762
0.84931
0.84045
0.84446
0.86226
0.85997
0.85768
0.86524
0.84421
0.84857
0.86526
0.85948
0.85568
0.85434
0.84956
0.83681
0.8521
0.86306
0.87567
0.86399
0.86587
0.87003
0.83929
0.86153
0.85113
0.84975
0.85245
0.83728
0.85725
0.8593
0.86828
0.84194
0.82795
0.8481
0.84101
0.841
0.85319
0.8559
0.85092
0.85148
0.86153
0.87609
0.85999
0.87618
0.87269
0.88189
0.86103
0.84113
0.85748
0.86078
0.86417
0.86807
0.87096
0.8637
0.86399
0.8626
0.86724
0.84691
0.85384
0.84729
0.85711
0.82926
0.84667
0.83897
0.85905
0.85977
0.87243
0.87679
0.85647
0.85517
0.85132
0.87332
0.86096
0.84854
0.85364
0.84601
0.85536
0.83991
0.85997
0.85801
0.87628
0.87294
0.85964
0.86481
0.87525
0.88272
0.87261
0.89233
0.86674
0.85117
0.84679
0.85773
0.83016
0.81459
0.85216
0.8482
0.85318
0.84784
0.85153
0.85161
0.85327
0.85783
0.86353
0.86468
0.85457
0.86517
0.8627
0.85532
0.88021
0.8616
0.85988
0.83859
0.856
0.8525
0.85643
0.87232
0.86729
0.88397
0.88131
0.88056
0.87749
0.86646
0.85648
0.84567
0.85087
0.86932
0.86826
0.87072
0.85188
0.85945
0.83793
0.83526
0.82254
0.8591
0.83852
0.84366
0.81623
0.83207
0.80645
0.80038
0.79671
0.84173
0.81849
0.8367
0.83893
0.86263
0.86597
0.86203
0.83212
0.84431
0.84659
0.85364
0.84771
0.8454
0.84975
0.8449
0.85745
0.85458
0.83195
0.84937
0.83726
0.85239
0.85069
0.84948
0.84733
0.83411
0.8281
0.83893
0.85722
0.85622
0.86279
0.85504
0.83737
0.84403
0.84465
0.85716
0.83641
0.84013
0.86119
0.86467
0.84768
0.87203
0.86483
0.87119
0.87654
0.86915
0.87008
0.85545
0.8447
0.84631
0.82633
0.85813
0.844
0.87158
0.85293
0.85656
0.87368
0.84902
0.85699
0.87211
0.84791
0.86199
0.84894
0.85825
0.85522
0.84472
0.85615
0.84576
0.85207
0.84795
0.84209
0.86528
0.85394
0.85781
0.85793
0.86982
0.8538
0.8389
0.85606
0.85388
0.83894
0.85804
0.83677
0.8634
0.87538
0.87513
0.85973
0.86179
0.84816
0.83583
0.83491
0.85463
0.84292
0.83548
0.82184
0.83152
0.8306
0.84626
0.83596
0.85154
0.84648
0.85671
0.85897
0.86623
0.84103
0.82842
0.84218
0.85082
0.83567
0.8285
0.85056
0.8659
0.84943
0.84188
0.84095
0.83732
0.85179
0.86083
0.85266
0.82213
0.85267
0.83623
0.84939
0.83231
0.8421
0.86051
0.86046
0.8722
0.87769
0.86237
0.85548
0.85112
0.86447
0.85051
0.84398
0.83601
0.82778
0.81716
0.81906
0.83128
0.82344
0.86944
0.84489
0.83792
0.85063
0.85184
0.84547
0.84192
0.84336
0.83323
0.84743
0.82863
0.8152
0.83467
0.84759
0.83592
0.83459
0.80186
0.81841
0.84573
0.84361
0.83512
0.85629
0.84526
0.83519
0.82815
0.82913
0.81744
0.80861
0.82445
0.82918
0.8061
0.85842
0.84438
0.86303
0.83388
0.83911
0.82312
0.83799
0.81208
0.80717
0.84616
0.8077
0.8055
0.80829
0.82217
0.821
0.82493
0.82151
0.83437
0.83347
0.82011
0.84219
0.83974
0.85184
0.8207
0.83228
0.82087
0.83461
0.79377
0.82149
0.83105
0.84262
0.79803
0.83976
0.82657
0.84105
0.83764
0.85372
0.84182
0.86763
0.84688
0.83667
0.83941
0.87911
0.87308
0.87356
0.86091
0.8606
0.85731
0.84479
0.83332
0.8624
0.84791
0.83879
0.86202
0.83208
0.86683
0.85026
0.84912
0.85235
0.836
0.82787
0.83319
0.84837
0.85415
0.84578
0.84199
0.82871
0.82992
0.83061
0.8231
0.80914
0.81033
0.83464
0.83139
0.8196
0.84001
0.83549
0.83964
0.83219
0.8661
0.8473
0.84522
0.831
0.82123
0.82717
0.81277
0.82917
0.86439
0.8363
0.8604
0.85575
0.85611
0.8688
0.85944
0.85914
0.84731
0.82713
0.83168
0.81857
0.81099
0.83006
0.83887
0.85311
0.85479
0.83223
0.86223
0.85023
0.86082
0.84521
0.83066
0.84215
0.81799
0.82992
0.81329
0.79142
0.83162
0.80122
0.81071
0.80184
0.82526
0.80704
0.81493
0.81128
0.83323
0.81991
0.79719
0.81252
0.79917
0.81005
0.82926
0.8356
0.8248
0.85315
0.85396
0.84745
0.86708
0.86654
0.85541
0.86728
0.84973
0.86489
0.83895
0.83563
0.84034
0.81631
0.83863
0.82696
0.83402
0.84907
0.87261
0.85878
0.85288
0.8638
0.83146
0.86683
0.84908
0.82167
0.82551
0.82861
0.83345
0.83076
0.81164
0.81456
0.8185
0.81988
0.78234
0.79325
0.81633
0.82218
0.80097
0.81915
0.81272
0.81194
0.82419
0.81413
0.81335
0.79975
0.85728
0.85907
0.83984
0.85097
0.85786
0.86509
0.84875
0.81406
0.84271
0.82181
0.84247
0.8275
0.87087
0.86365
0.84432
0.83144
0.84911
0.85183
0.82847
0.83306
0.80375
0.81565
0.83716
0.80899
0.84306
0.82583
0.83247
0.81745
0.84826
0.81218
0.82599
0.83887
0.83864
0.85356
0.8494
0.86845
0.86196
0.87965
0.85955
0.85992
0.84929
0.81593
0.83899
0.81902
0.82803
0.822
0.81491
0.77718
0.82942
0.82505
0.83324
0.84712
0.83347
0.80205
0.82955
0.80883
0.82533
0.79882
0.80277
0.84556
0.85704
0.84826
0.86356
0.85529
0.84929
0.82048
0.84923
0.78648
0.79608
0.8223
0.75033
0.77702
0.82441
0.80967
0.84975
0.83782
0.80855
0.82272
0.82328
0.83679
0.83782
0.82916
0.8243
0.86047
0.8379
0.86568
0.83899
0.85635
0.8476
0.85347
0.85708
0.86978
0.85602
0.83638
0.82384
0.83678
0.79862
0.82348
0.82632
0.82972
0.8236
0.81544
0.82741
0.84215
0.84277
0.82475
0.85427
0.84343
0.85106
0.87177
0.86014
0.84074
0.87998
0.87017
0.85565
0.8535
0.83365
0.84676
0.83255
0.83149
0.83324
0.83498
0.82808
0.87087
0.85759
0.84905
0.82474
0.83617
0.8343
0.80444
0.81689
0.83048
0.82492
0.78629
0.78763
0.81415
0.82602
0.77443
0.79806
0.81959
0.80864
0.7998
0.82414
0.81851
0.83643
0.85414
0.85808
0.83034
0.81958
0.81976
0.8144
0.81018
0.8033
0.81316
0.82505
0.80169
0.82365
0.82576
0.81854
0.80138
0.79511
0.81343
0.83154
0.81365
0.82203
0.83569
0.84019
0.84264
0.83453
0.84457
0.825
0.80663
0.84931
0.84633
0.82637
0.82135
0.83761
0.81992
0.82516
0.83136
0.82053
0.84429
0.85234
0.83405
0.84486
0.82619
0.80176
0.84936
0.84479
0.81731
0.84727
0.82897
0.83985
0.83551
0.83986
0.84609
0.81716
0.81106
0.84316
0.84776
0.845
0.85042
0.83521
0.83348
0.82633
0.81651
0.80792
0.78543
0.77334
0.75616
0.80011
0.80888
0.84011
0.81597
0.83847
0.81621
0.82876
0.83415
0.82507
0.81146
0.83348
0.84699
0.83259
0.82784
0.82787
0.81612
0.82599
0.83983
0.82307
0.84097
0.79584
0.82825
0.78987
0.79783
0.81811
0.83094
0.7828
0.76127
0.80597
0.81337
0.79779
0.80935
0.79326
0.79836
0.8018
0.78974
0.80135
0.8422
0.82231
0.81146
0.84921
0.83649
0.86467
0.86383
0.81679
0.83084
0.82013
0.78766
0.82495
0.83401
0.83227
0.79905
0.82462
0.83286
0.83403
0.82567
0.81199
0.84644
0.83922
0.829
0.82876
0.81405
0.80273
0.82645
0.81967
0.79661
0.81111
0.79481
0.83209
0.8336
0.84717
0.82212
0.82126
0.79943
0.7868
0.80023
0.80682
0.822
0.83927
0.84896
0.83683
0.81027
0.81608
0.80727
0.79461
0.78331
0.80352
0.82037
0.78631
0.80894
0.79741
0.84024
0.83441
0.83067
0.85584
0.84271
0.8388
0.83898
0.85763
0.83069
0.81393
0.8382
0.83394
0.84821
0.81954
0.83143
0.84194
0.82709
0.83932
0.83872
0.85907
0.85234
0.83212
0.82919
0.82742
0.83894
0.81456
0.81982
0.8137
0.81306
0.8254
0.82052
0.81982
0.81541
0.81539
0.80671
0.82366
0.7934
0.81573
0.8046
0.82462
0.83293
0.83808
0.78674
0.79785
0.78569
0.77647
0.78556
0.80571
0.80234
0.80941
0.79723
0.78068
0.82273
0.83311
0.79926
0.8356
0.78593
0.83849
0.82697
0.80578
0.77101
0.80844
0.78954
0.80567
0.82993
0.82874
0.76492
0.83865
0.84694
0.81332
0.82841
0.83086
0.8503
0.84713
0.78148
0.79061
0.82187
0.78288
0.80905
0.80755
0.79738
0.82864
0.80722
0.84166
0.84547
0.83599
0.77858
0.80329
0.78157
0.81502
0.81263
0.79839
0.83083
0.83391
0.8349
0.83583
0.84218
0.83472
0.80833
0.84293
0.79929
0.81246
0.83032
0.81697
0.80167
0.81486
0.81801
0.80517
0.8035
0.82926
0.78912
0.80653
0.80049
0.82307
0.82949
0.80207
0.81476
0.83756
0.8307
0.78882
0.79807
0.82123
0.81718
0.80465
0.82809
0.81531
0.83967
0.82481
0.85483
0.83899
0.82869
0.84436
0.79501
0.79971
0.78959
0.79841
0.7933
0.81011
0.81943
0.81227
0.77459
0.81143
0.78987
0.76123
0.80838
0.81791
0.79474
0.82923
0.81522
0.82522
0.80988
0.77578
0.8184
0.81244
0.82611
0.7959
0.82954
0.82005
0.7854
0.81465
0.79512
0.75895
0.78086
0.81596
0.81154
0.77945
0.79315
0.79198
0.80741
0.79546
0.80428
0.81893
0.77434
0.79212
0.77682
0.76114
0.80683
0.79251
0.80758
0.84057
0.82485
0.84184
0.82031
0.81819
0.85709
0.82095
0.80749
0.77989
0.77081
0.79683
0.80569
0.80939
0.80851
0.8094
0.78843
0.76597
0.78004
0.78408
0.74068
0.7909
0.81286
0.7964
0.79618
0.80819
0.80282
0.79321
0.7883
0.81717
0.8343
0.82517
0.84561
0.82542
0.77814
0.7834
0.81103
0.77825
0.80757
0.82732
0.81743
0.80825
0.79858
0.83097
0.84652
0.80854
0.80301
0.83896
0.83149
0.82754
0.86079
0.85296
0.8713
0.85829
0.86563
0.8448
0.84875
0.83638
0.82372
0.82368
0.83187
0.79
0.82296
0.7921
0.78225
0.77492
0.79434
0.72509
0.77217
0.77661
0.798
0.76968
0.81955
0.79031
0.81878
0.81863
0.76559
0.78431
0.80882
0.81419
0.83307
0.85153
0.82523
0.81393
0.8324
0.86291
0.84538
0.8656
0.81642
0.82084
0.84681
0.82957
0.84054
0.82953
0.8022
0.81266
0.80172
0.83145
0.75507
0.75257
0.76211
0.78466
0.79322
0.76289
0.81844
0.80871
0.80932
0.81328
0.81925
0.79381
0.77522
0.83069
0.80186
0.8382
0.84796
0.85415
0.85222
0.84269
0.82379
0.83495
0.82058
0.8074
0.79181
0.79658
0.78998
0.77489
0.77808
0.79195
0.81299
0.8097
0.79123
0.77537
0.75693
0.68671
0.75929
0.76665
0.79314
0.73876
0.76424
0.78314
0.8067
0.80535
0.79295
0.80304
0.81408
0.79018
0.7969
0.80547
0.77623
0.83204
0.81841
0.81618
0.81509
0.82471
0.81283
0.78252
0.79742
0.79023
0.7948
0.76136
0.7929
0.79022
0.79708
0.81812
0.7976
0.81101
0.83276
0.81231
0.77794
0.79635
0.75778
0.79713
0.71592
0.79072
0.73623
0.8074
0.81458
0.78703
0.83397
0.81042
0.7613
0.80876
0.79587
0.78562
0.81067
0.81
0.79758
0.81023
0.83673
0.83568
0.79288
0.80335
0.80942
0.81138
0.80049
0.77174
0.76015
0.77042
0.79208
0.79355
0.78867
0.80517
0.81024
0.78662
0.78339
0.79133
0.81495
0.82338
0.78534
0.81707
0.68399
0.77994
0.80462
0.7399
0.80413
0.77252
0.77028
0.81615
0.73237
0.79946
0.81455
0.78237
0.79495
0.80935
0.79544
0.81415
0.81441
0.77268
0.7915
0.78159
0.81078
0.79813
0.81598
0.79196
0.81169
0.81512
0.83249
0.82691
0.82513
0.75322
0.77933
0.79065
0.79607
0.7981
0.78178
0.81168
0.79555
0.78443
0.80838
0.80315
0.77152
0.77992
0.81928
0.80254
0.82114
0.78035
0.80449
0.79479
0.77919
0.79076
0.74806
0.70493
0.77542
0.80025
0.77692
0.81478
0.80137
0.78132
0.82768
0.80166
0.79799
0.82676
0.81259
0.84168
0.83481
0.82289
0.81582
0.82038
0.81297
0.83831
0.84878
0.81238
0.83126
0.8126
0.79926
0.80287
0.7897
0.75089
0.79787
0.80396
0.83797
0.80295
0.78746
0.82294
0.79258
0.74347
0.76376
0.78067
0.77969
0.73819
0.79344
0.7816
0.77104
0.74472
0.79023
0.80089
0.78323
0.81239
0.81897
0.83312
0.79332
0.82941
0.833
0.79832
0.75594
0.77573
0.76818
0.73315
0.72074
0.78681
0.72964
0.77793
0.806
0.75072
0.78783
0.77549
0.73693
0.79355
0.78092
0.79478
0.77954
0.75017
0.78276
0.78184
0.79522
0.80381
0.80232
0.81015
0.76464
0.79751
0.81287
0.81596
0.81415
0.82718
0.7973
0.79937
0.79803
0.7525
0.80928
0.82502
0.81244
0.77469
0.79261
0.79702
0.80245
0.7737
0.72755
0.72947
0.78086
0.75187
0.73901
0.77761
0.75168
0.81885
0.7798
0.80839
0.78556
0.80749
0.81294
0.8091
0.77773
0.72977
0.73988
0.72935
0.76543
0.79927
0.78815
0.80385
0.77764
0.81094
0.7989
0.81415
0.80319
0.77433
0.7993
0.82036
0.83775
0.82127
0.8532
0.82476
0.8288
0.83006
0.82692
0.81781
0.83731
0.80833
0.80443
0.79826
0.79004
0.7175
0.69549
0.71941
0.75323
0.80662
0.80813
0.80764
0.75822
0.78739
0.77058
0.77533
0.79997
0.76566
0.71828
0.78444
0.7967
0.78459
0.78186
0.75885
0.75678
0.78644
0.8125
0.78736
0.749
0.78268
0.78604
0.77866
0.77654
0.79056
0.74674
0.8099
0.82182
0.80366
0.80056
0.81042
0.84405
0.81659
0.80794
0.80016
0.84061
0.8031
0.80308
0.79364
0.82794
0.78883
0.81251
0.78747
0.8121
0.81161
0.82651
0.81325
0.79071
0.83283
0.85628
0.84405
0.85414
0.81718
0.80006
0.78766
0.78846
0.78719
0.7955
0.79259
0.79929
0.74144
0.76259
0.80286
0.74598
0.74911
0.82354
0.76484
0.8312
0.78981
0.80439
0.81473
0.80593
0.81929
0.81765
0.80073
0.76948
0.80575
0.78482
0.80823
0.82566
0.77226
0.83664
0.82166
0.7977
0.77995
0.8065
0.83196
0.76428
0.78953
0.78236
0.79064
0.75351
0.7831
0.74498
0.72072
0.76094
0.76383
0.80185
0.78629
0.75718
0.74286
0.78333
0.78698
0.74044
0.75398
0.75847
0.79563
0.75583
0.74117
0.75212
0.778
0.76056
0.7654
0.79546
0.79818
0.8171
0.8064
0.80552
0.79311
0.76692
0.75196
0.77733
0.76079
0.79652
0.78009
0.75774
0.78535
0.79863
0.78907
0.79843
0.79457
0.82419
0.79028
0.81088
0.78813
0.80722
0.82908
0.8299
0.83216
0.80133
0.81928
0.80496
0.76595
0.80002
0.7899
0.81271
0.82422
0.74882
0.78046
0.76702
0.73761
0.77615
0.80106
0.79159
0.78811
0.75137
0.80123
0.71938
0.77935
0.77281
0.76845
0.74496
0.75896
0.81912
0.76066
0.80789
0.79557
0.75742
0.75525
0.72258
0.77199
0.7609
0.81173
0.79129
0.81795
0.69876
0.73019
0.78104
0.81722
0.81199
0.78979
0.78568
0.83088
0.81121
0.73193
0.76683
0.73403
0.69771
0.78236
0.72897
0.74525
0.71242
0.74436
0.67269
0.72647
0.7335
0.78975
0.7498
0.69325
0.72682
0.74093
0.74374
0.75658
0.77003
0.75685
0.67969
0.74917
0.70955
0.73968
0.71412
0.77908
0.79659
0.76543
0.75865
0.71565
0.77449
0.80423
0.81803
0.76412
0.76063
0.77726
0.81089
0.80147
0.79892
0.77496
0.77341
0.77755
0.76512
0.80731
0.7274
0.76794
0.7601
0.74979
0.78753
0.76222
0.79084
0.77155
0.73295
0.79594
0.76193
0.73509
0.79438
0.77493
0.81415
0.78547
0.76996
0.80166
0.82824
0.75947
0.73691
0.71577
0.71026
0.75528
0.76484
0.72968
0.75617
0.81192
0.75252
0.79949
0.78974
0.8241
0.81369
0.76071
0.8086
0.77804
0.80082
0.74824
0.8131
0.74229
0.74822
0.76359
0.79101
0.7294
0.75514
0.77852
0.72965
0.75796
0.74417
0.7093
0.70161
0.74093
0.73641
0.72195
0.7536
0.79774
0.75838
0.81347
0.75508
0.73867
0.77683
0.74727
0.76162
0.79742
0.81136
0.8049
0.79772
0.82148
0.79035
0.79271
0.82789
0.80677
0.79701
0.74235
0.8134
0.7939
0.79428
0.74878
0.74661
0.78088
0.79938
0.80298
0.78632
0.77771
0.78645
0.79777
0.74786
0.76408
0.76619
0.78858
0.80952
0.79175
0.78169
0.80482
0.80604
0.76283
0.79088
0.78519
0.81457
0.80027
0.81647
0.77056
0.78977
0.77642
0.80107
0.80424
0.77315
0.74813
0.81945
0.78236
0.74697
0.81438
0.80143
0.79373
0.76942
0.77473
0.72635
0.766
0.81352
0.81024
0.81385
0.78943
0.81848
0.80243
0.81089
0.7957
0.78462
0.77038
0.78464
0.73662
0.70916
0.70892
0.73795
0.68174
0.70196
0.76203
0.77026
0.74323
0.75459
0.72528
0.77088
0.76413
0.74347
0.74334
0.76325
0.76999
0.76451
0.77662
0.69208
0.72098
0.72087
0.77811
0.81213
0.81381
0.79207
0.79021
0.74655
0.76381
0.76758
0.78431
0.81227
0.78113
0.78708
0.80803
0.82646
0.80185
0.77347
0.79427
0.74525
0.75646
0.76973
0.80191
0.79054
0.80449
0.82497
0.81005
0.77198
0.81303
0.82316
0.80617
0.81083
0.79694
0.7624
0.81353
0.72364
0.7938
0.82634
0.8117
0.78291
0.78106
0.77244
0.78695
0.80255
0.8132
0.74357
0.79118
0.74886
0.7713
0.80025
0.72013
0.81843
0.80787
0.77798
0.81887
0.82767
0.83097
0.82113
0.84211
0.77944
0.82534
0.81181
0.81609
0.76923
0.82531
0.79161
0.82138
0.78273
0.72606
0.75178
0.75213
0.72744
0.73007
0.67468
0.72657
0.65908
0.67733
0.73806
0.81214
0.75642
0.74604
0.77257
0.77675
0.74615
0.75535
0.72706
0.74775
0.74977
0.74705
0.76016
0.71982
0.70583
0.72773
0.74316
0.81264
0.80333
0.76397
0.80186
0.80493
0.75218
0.76287
0.80373
0.72524
0.75183
0.70296
0.7823
0.8075
0.76186
0.76911
0.79071
0.7297
0.75279
0.79196
0.7042
0.74048
0.73029
0.73405
0.82525
0.81818
0.80144
0.79035
0.77297
0.805
0.75088
0.81881
0.77079
0.76658
0.77117
0.72051
0.77304
0.72674
0.78566
0.77379
0.75874
0.72324
0.78728
0.77288
0.68227
0.76637
0.76324
0.79086
0.77182
0.75011
0.80998
0.72722
0.79224
0.75085
0.74384
0.73359
0.76695
0.77264
0.7831
0.77652
0.81867
0.82058
0.80424
0.83682
0.80029
0.79434
0.78807
0.7867
0.72502
0.79444
0.7584
0.75062
0.72482
0.693
0.72591
0.68153
0.80348
0.70175
0.7429
0.73433
0.75554
0.73021
0.75933
0.79623
0.76497
0.79579
0.71834
0.75127
0.77491
0.77081
0.76873
0.78882
0.73876
0.75039
0.74166
0.73229
0.72818
0.71338
0.76207
0.75285
0.73568
0.77824
0.76539
0.73857
0.70653
0.76221
0.72418
0.74155
0.80218
0.79555
0.7567
0.73217
0.74897
0.76026
0.81096
0.79928
0.79395
0.81049
0.75816
0.73423
0.73543
0.74107
0.80015
0.69534
0.74968
0.78762
0.7699
0.76821
0.81912
0.75979
0.77023
0.79915
0.73025
0.71911
0.7479
0.68132
0.74909
0.70661
0.76888
0.79911
0.79849
0.74441
0.80066
0.72295
0.81509
0.72599
0.77301
0.78569
0.74769
0.72092
0.69302
0.71426
0.74129
0.71573
0.69789
0.79722
0.78184
0.76822
0.77984
0.72856
0.73223
0.78193
0.74005
0.75876
0.73372
0.7648
0.76716
0.71261
0.78972
0.72645
0.74204
0.76558
0.78677
0.83182
0.76809
0.74334
0.73754
0.72377
0.74697
0.77284
0.70404
0.73594
0.70567
0.73673
0.79599
0.81903
0.79154
0.77944
0.81121
0.67154
0.79031
0.80559
0.72615
0.81371
0.78239
0.77909
0.77586
0.79056
0.69858
0.76237
0.74217
0.74502
0.70954
0.75292
0.71368
0.73428
0.65662
0.78589
0.75583
0.75291
0.76238
0.73693
0.79
0.72121
0.79208
0.71979
0.71916
0.67793
0.75294
0.66861
0.68096
0.74021
0.78915
0.76432
0.74012
0.7949
0.72868
0.77315
0.7536
0.71784
0.78389
0.73667
0.71193
0.73335
0.7043
0.74434
0.75335
0.77957
0.75337
0.76163
0.74297
0.74821
0.7602
0.6138
0.7338
0.75034
0.6864
0.77796
0.78078
0.74871
0.72566
0.7127
0.70775
0.76126
0.76004
0.70155
0.70521
0.7919
0.77871
0.7531
0.7879
0.75761
0.65339
0.69793
0.75506
0.74127
0.72321
0.72153
0.72093
0.7836
0.74444
0.71942
0.72653
0.73048
0.69666
0.75137
0.72176
0.74993
0.78159
0.72089
0.74776
0.71977
0.74806
0.77382
0.69122
0.7671
0.73312
0.70983
0.71826
0.76319
0.67714
0.70505
0.75256
0.68822
0.76381
0.73183
0.77421
0.78132
0.79084
0.77215
0.73424
0.66943
0.57758
0.70056
0.7093
0.65845
0.74342
0.74833
0.69743
0.76347
0.7286
0.65213
0.70722
0.67755
0.77607
0.7477
0.76637
0.71559
0.80417
0.80739
0.78653
0.82296
0.80025
0.80142
0.77189
0.74124
0.70143
0.76103
0.69881
0.68561
0.70495
0.72906
0.73533
0.73579
0.76161
0.68317
0.75441
0.62741
0.76713
0.74219
0.73097
0.7465
0.72108
0.72174
0.73504
0.72238
0.78481
0.75098
0.72897
0.69883
0.76337
0.74622
0.79714
0.79883
0.79834
0.72765
0.75723
0.7404
0.73909
0.78476
0.81329
0.75693
0.79845
0.82324
0.82093
0.80756
0.79093
0.77693
0.7894
0.77586
0.79194
0.76544
0.82462
0.8014
0.80489
0.76485
0.76757
0.76202
0.75628
0.79073
0.74938
0.79534
0.76323
0.70204
0.71274
0.77769
0.7402
0.69913
0.73528
0.68245
0.78565
0.76365
0.71626
0.72608
0.70636
0.7394
0.73365
0.71716
0.70287
0.66521
0.69586
0.735
0.74818
0.75805
0.77187
0.80649
0.79848
0.79373
0.68775
0.69797
0.7521
0.70551
0.74528
0.7028
0.74614
0.78553
0.76359
0.74433
0.75353
0.76887
0.79617
0.77591
0.73248
0.73789
0.77067
0.72749
0.66731
0.70109
0.70301
0.70913
0.72031
0.77814
0.76387
0.75197
0.759
0.75888
0.73155
0.80015
0.77329
0.80814
0.7841
0.7963
0.76916
0.7362
0.71807
0.77781
0.7774
0.78773
0.73786
0.78051
0.69357
0.74492
0.80657
0.74461
0.76218
0.78519
0.76015
0.72761
0.80036
0.73621
0.77827
0.79116
0.7605
0.80903
0.74818
0.70382
0.6998
0.73465
0.74694
0.72954
0.77207
0.77238
0.7159
0.7457
0.75602
0.72796
0.7343
0.74369
0.73313
0.68206
0.71283
0.66346
0.77247
0.80135
0.77729
0.71735
0.74514
0.61664
0.79059
0.72607
0.76514
0.75099
0.72676
0.73523
0.67434
0.70436
0.74529
0.75459
0.77393
0.74274
0.78251
0.73126
0.71248
0.65252
0.73743
0.72651
0.73954
0.73271
0.68217
0.79386
0.74102
0.70794
0.78296
0.72466
0.7535
0.78884
0.81915
0.78425
0.74658
0.83098
0.73824
0.71546
0.76926
0.72028
0.74036
0.68197
0.77552
0.60456
0.75776
0.77403
0.73393
0.71983
0.60815
0.72168
0.71495
0.75475
0.74235
0.77315
0.76034
0.71192
0.71809
0.76225
0.64507
0.69489
0.61953
0.69939
0.66256
0.59867
0.67637
0.7162
0.76471
0.72041
0.75261
0.72164
0.74454
0.73148
0.73941
0.73355
0.71429
0.71817
0.72476
0.74382
0.72765
0.72498
0.76286
0.72066
0.70841
0.66887
0.65331
0.73914
0.73093
0.67829
0.7553
0.68113
0.70684
0.70533
0.64377
0.68329
0.68725
0.68397
0.65135
0.63474
0.62392
0.59212
0.7218
0.66457
0.66464
0.68805
0.6807
0.75465
0.73704
0.75923
0.79153
0.82959
0.77966
0.79583
0.76748
0.76998
0.71001
0.75111
0.73138
0.74535
0.7606
0.77221
0.74494
0.78628
0.75917
0.79598
0.6934
0.7199
0.71188
0.72918
0.68581
0.74368
0.76493
0.71306
0.67581
0.77947
0.70112
0.73234
0.72969
0.62224
0.78428
0.78813
0.79838
0.69431
0.72166
0.67257
0.74102
0.72244
0.68545
0.67892
0.67766
0.70605
0.65944
0.59866
0.69263
0.75598
0.70405
0.69002
0.74801
0.72585
0.69573
0.64096
0.78513
0.755
0.71503
0.67283
0.65325
0.62858
0.68719
0.70355
0.72824
0.77855
0.71938
0.67089
0.73767
0.68087
0.62589
0.62575
0.70033
0.66403
0.70554
0.72474
0.69232
0.70054
0.72834
0.64999
0.69516
0.75783
0.75435
0.72869
0.75581
0.7862
0.73898
0.76055
0.78976
0.77328
0.75383
0.77771
0.69818
0.62943
0.73765
0.66902
0.75188
0.75553
0.73393
0.77
0.64961
0.7547
0.68927
0.71725
0.74582
0.68729
0.70726
0.65703
0.75146
0.76561
0.75962
0.72821
0.77116
0.76739
0.70974
0.72371
0.64659
0.7383
0.72876
0.66819
0.70251
0.66034
0.72167
0.68124
0.78534
0.68645
0.72222
0.77682
0.72209
0.6803
0.72797
0.77501
0.72132
0.69197
0.71765
0.66081
0.6058
0.71721
0.69665
0.79252
0.79241
0.81212
0.75684
0.76186
0.73375
0.76628
0.69168
0.75048
0.75416
0.71501
0.60154
0.67909
0.66415
0.70365
0.69985
0.66679
0.70701
0.73804
0.71717
0.69912
0.72361
0.67529
0.69087
0.68334
0.5843
0.66857
0.76717
0.75222
0.72032
0.73209
0.74989
0.78929
0.7832
0.75923
0.76045
0.70139
0.72677
0.74845
0.76396
0.70694
0.72863
0.70861
0.79363
0.70393
0.81213
0.78261
0.77384
0.76807
0.69277
0.75565
0.7092
0.71875
0.75073
0.71798
0.71608
0.65002
0.7253
0.75622
0.7504
0.7333
0.75701
0.79807
0.74326
0.75377
0.76907
0.80792
0.71865
0.72996
0.67014
0.78279
0.74593
0.76617
0.73312
0.78611
0.75912
0.80666
0.76542
0.81387
0.72822
0.77934
0.77731
0.78391
0.79448
0.74427
0.7499
0.76605
0.77765
0.6804
0.68736
0.73205
0.70218
0.69796
0.70825
0.74954
0.78028
0.79396
0.72637
0.71263
0.69428
0.72101
0.77623
0.74528
0.78092
0.78146
0.75987
0.72523
0.68155
0.69351
0.73011
0.72733
0.70377
0.5517
0.71915
0.72804
0.74047
0.75514
0.67515
0.74698
0.61297
0.67361
0.6842
0.63015
0.68594
0.68136
0.72095
0.76177
0.70448
0.73383
0.77866
0.71723
0.77006
0.75961
0.75473
0.77122
0.75627
0.71409
0.74907
0.74217
0.69546
0.72688
0.68769
0.6947
0.78003
0.75437
0.69095
0.7662
0.68341
0.75003
0.77214
0.70985
0.69879
0.78736
0.7932
0.79996
0.72912
0.6834
0.70988
0.72416
0.74927
0.75396
0.74091
0.64503
0.76704
0.69569
0.74302
0.6293
0.71764
0.71129
0.77825
0.77592
0.73605
0.78293
0.69307
0.67677
0.76879
0.78847
0.70445
0.71974
0.79599
0.72599
0.62345
0.759
0.68946
0.68584
0.6943
0.63571
0.64204
0.74571
0.73032
0.71525
0.76814
0.77454
0.66617
0.71507
0.65426
0.7465
0.81158
0.74007
0.61973
0.62579
0.697
0.74984
0.7131
0.73183
0.78006
0.77674
0.71307
0.75686
0.70422
0.7867
0.72945
0.71454
0.75102
0.76259
0.75639
0.77809
0.6283
0.66236
0.71157
0.66232
0.6278
0.63688
0.70761
0.71829
0.74147
0.68107
0.74478
0.73378
0.66372
0.70911
0.69892
0.73129
0.80019
0.56602
0.7464
0.77549
0.76223
0.78513
0.80888
0.77128
0.75686
0.63224
0.74112
0.72533
0.64617
0.71463
0.73414
0.73477
0.76113
0.64659
0.745
0.68746
0.69072
0.71892
0.74887
0.67185
0.7487
0.73176
0.72915
0.70622
0.65994
0.6284
0.7218
0.76563
0.6618
0.74382
0.72944
0.72757
0.63411
0.59555
0.70617
0.76744
0.71465
0.64952
0.68883
0.63899
0.66548
0.6904
0.72669
0.717
0.63323
0.72472
0.61409
0.74355
0.57482
0.65274
0.70446
0.7311
0.69083
0.7134
0.73626
0.70762
0.62089
0.74691
0.6541
0.73779
0.7565
0.75872
0.67241
0.78586
0.73457
0.7411
0.73404
0.75777
0.79063
0.7822
0.75118
0.82238
0.79614
0.76267
0.78761
0.74914
0.71776
0.73268
0.6949
0.72288
0.68744
0.61412
0.63871
0.64246
0.57934
0.62246
0.68355
0.72343
0.64806
0.74234
0.68468
0.67992
0.67681
0.73313
0.66826
0.63849
0.72884
0.74158
0.73098
0.72061
0.7072
0.66921
0.71827
0.7157
0.69829
0.68717
0.65376
0.75176
0.78319
0.70479
0.73913
0.72997
0.75166
0.67305
0.74502
0.70549
0.69226
0.71892
0.73389
0.78448
0.74768
0.76765
0.68646
0.64551
0.68269
0.68552
0.59802
0.58835
0.70082
0.60071
0.65747
0.70922
0.73911
0.61504
0.71657
0.72563
0.68997
0.69828
0.62975
0.75679
0.6886
0.74999
0.7406
0.67093
0.75192
0.73109
0.72374
0.64866
0.6384
0.62696
0.64591
0.70689
0.65214
0.68535
0.70892
0.60991
0.7569
0.71837
0.70615
0.67932
0.61419
0.666
0.65351
0.67497
0.64287
0.6948
0.61688
0.75351
0.6216
0.68091
0.6847
0.67723
0.60375
0.69662
0.71257
0.68925
0.67278
0.70621
0.65718
0.68607
0.5821
0.68051
0.6665
0.623
0.75385
0.72992
0.70591
0.59917
0.6837
0.72712
0.71541
0.75844
0.6517
0.75557
0.67089
0.68067
0.62111
0.65242
0.71462
0.6727
0.69982
0.68351
0.61827
0.60897
0.73092
0.73323
0.68943
0.7633
0.70177
0.69941
0.65804
0.66228
0.66539
0.75009
0.73093
0.75659
0.75119
0.58676
0.73303
0.70912
0.74245
0.68488
0.68816
0.71123
0.74345
0.68692
0.63852
0.69853
0.73452
0.64936
0.71564
0.59061
0.73358
0.70231
0.60265
0.74519
0.74791
0.68281
0.70172
0.74464
0.68357
0.71537
0.75159
0.74219
0.70943
0.74901
0.6922
0.7741
0.79913
0.68483
0.71326
0.79156
0.7188
0.75371
0.74762
0.70256
0.73066
0.77706
0.77536
0.76302
0.67542
0.76464
0.75629
0.7912
0.7523
0.71843
0.71719
0.75155
0.76603
0.81298
0.78638
0.69885
0.6357
0.69083
0.66743
0.67904
0.70835
0.66182
0.65644
0.62767
0.55311
0.64558
0.62054
0.59421
0.66865
0.73323
0.66318
0.65647
0.7103
0.75412
0.76906
0.7461
0.70011
0.66216
0.71627
0.71089
0.64271
0.65606
0.63724
0.72907
0.76468
0.69013
0.71513
0.64828
0.72048
0.65595
0.62962
0.6776
0.64345
0.69562
0.6922
0.6398
0.72596
0.76446
0.62738
0.66617
0.75532
0.66144
0.74652
0.73564
0.72702
0.69905
0.76197
0.79676
0.69495
0.67984
0.65134
0.64439
0.76396
0.75046
0.79248
0.66979
0.59582
0.72942
0.65204
0.64603
0.7048
0.686
0.67108
0.68666
0.65689
0.6107
0.59487
0.64203
0.6658
0.62055
0.47808
0.72764
0.61675
0.66168
0.58912
0.63161
0.7161
0.64291
0.6444
0.63745
0.56262
0.65229
0.63718
0.75054
0.71374
0.62243
0.65561
0.6752
0.78198
0.58244
0.6834
0.61252
0.72398
0.64673
0.71044
0.7705
0.60774
0.65063
0.62583
0.65184
0.5591
0.62672
0.66994
0.63461
0.60272
0.72911
0.6951
0.64936
0.65184
0.67672
0.69237
0.53593
0.658
0.63536
0.65222
0.58649
0.69365
0.70485
0.73703
0.68482
0.71655
0.54111
0.74062
0.61353
0.58255
0.59895
0.69046
0.69048
0.55354
0.6186
0.72761
0.65691
0.66658
0.67327
0.65948
0.70053
0.71249
0.73721
0.69581
0.76578
0.68914
0.69077
0.73168
0.69931
0.70708
0.76257
0.77885
0.77915
0.73663
0.63676
0.73306
0.64364
0.41456
0.64912
0.71761
0.77081
0.71057
0.73348
0.67474
0.65828
0.55133
0.69172
0.73317
0.76266
0.73338
0.71261
0.70949
0.77612
0.68729
0.63566
0.68161
0.63859
0.76073
0.73759
0.64033
0.70767
0.70008
0.6497
0.6222
0.69964
0.70379
0.69113
0.64418
0.6901
0.64568
0.63545
0.68327
0.62961
0.69307
0.62713
0.61406
0.65642
0.70977
0.7455
0.606
0.6618
0.63014
0.71151
0.78952
0.67032
0.66588
0.64271
0.61345
0.73534
0.70031
0.80923
0.78194
0.68847
0.76726
0.75314
0.67963
0.57301
0.55108
0.62634
0.62779
0.51492
0.73619
0.712
0.70285
0.71916
0.73648
0.78046
0.72171
0.71029
0.76363
0.73332
0.70432
0.62944
0.7061
0.66572
0.76259
0.73944
0.59345
0.65415
0.52828
0.6809
0.6399
0.6711
0.69466
0.68783
0.67376
0.70124
0.66729
0.76434
0.66108
0.59381
0.6637
0.59972
0.68113
0.60625
0.71034
0.70922
0.76295
0.73512
0.74828
0.71455
0.67218
0.75309
0.7614
0.68377
0.6069
0.73878
0.75462
0.74706
0.57884
0.76974
0.8036
0.79102
0.77894
0.76759
0.74988
0.72113
0.69311
0.77837
0.64603
0.74925
0.69452
0.72291
0.71293
0.75028
0.66667
0.73265
0.77943
0.76663
0.78092
0.74309
0.73383
0.67989
0.66834
0.63424
0.62109
0.66695
0.73311
0.55428
0.62308
0.67451
0.69721
0.66843
0.58513
0.66442
0.54095
0.5654
0.74763
0.70234
0.64513
0.68866
0.64114
0.61959
0.6456
0.69157
0.68083
0.68324
0.56262
0.72761
0.69455
0.79023
0.7223
0.68122
0.69651
0.79108
0.65341
0.76129
0.69956
0.66803
0.70295
0.69542
0.61053
0.47373
0.47419
0.63579
0.44581
0.67644
0.67352
0.71184
0.5812
0.62335
0.666
0.63402
0.68057
0.72041
0.71456
0.74045
0.68611
0.61393
0.69881
0.6781
0.51199
0.61721
0.58151
0.70978
0.69431
0.72357
0.79418
0.74618
0.68229
0.67338
0.653
0.62703
0.53549
0.64566
0.54694
0.70069
0.67784
0.69461
0.58428
0.54686
0.5531
0.66376
0.54288
0.58326
0.69566
0.71355
0.59691
0.6741
0.73551
0.74604
0.71717
0.72588
0.52832
0.68525
0.68391
0.56669
0.41847
0.47721
0.6071
0.64714
0.61166
0.59942
0.65788
0.60898
0.64119
0.53695
0.64021
0.58799
0.68079
0.5374
0.57406
0.56935
0.69026
0.68628
0.61386
0.71378
0.62742
0.72404
0.79268
0.69991
0.7875
0.71357
0.82384
0.67511
0.63279
0.70346
0.65579
0.47606
0.72571
0.61559
0.72968
0.7121
0.64228
0.66279
0.66044
0.64943
0.66578
0.74967
0.68379
0.59474
0.75343
0.76419
0.75773
0.69363
0.77403
0.63988
0.65176
0.70052
0.68693
0.52251
0.71314
0.53511
0.62283
0.66452
0.71382
0.64087
0.54574
0.48587
0.43477
0.60078
0.59665
0.59901
0.55325
0.60767
0.61548
0.71333
0.69963
0.65331
0.7922
0.73268
0.6831
0.6714
0.66704
0.56229
0.66695
0.63204
0.4389
0.62092
0.57814
0.46253
0.60176
0.71095
0.58244
0.65695
0.671
0.43587
0.69707
0.67535
0.6972
0.65019
0.74995
0.63374
0.63127
0.73
0.5946
0.71425
0.63589
0.49949
0.56962
0.65467
0.76821
0.62522
0.6593
0.72303
0.67428
0.68149
0.67976
0.67436
0.71889
0.53943
0.66284
0.69184
0.64951
0.70279
0.71665
0.55683
0.48694
0.59561
0.52368
0.66022
0.59118
0.67579
0.6755
0.68963
0.58385
0.65544
0.73753
0.67775
0.68145
0.62271
0.65031
0.72324
0.54075
0.68538
0.61185
0.6448
0.64768
0.72246
0.73814
0.72847
0.6641
0.64141
0.60578
0.59826
0.62362
0.46567
0.45101
0.53466
0.61894
0.7075
0.63434
0.74648
0.70069
0.61454
0.57888
0.60726
0.66634
0.62498
0.65352
0.65438
0.65151
0.65503
0.64356
0.65076
0.74525
0.70217
0.66256
0.65941
0.55386
0.63249
0.52727
0.60742
0.65744
0.62453
0.77492
0.69543
0.69881
0.63236
0.61011
0.63369
0.54277
0.58806
0.55872
0.72679
0.7064
0.61767
0.60899
0.63269
0.76904
0.64768
0.59812
0.70977
0.66246
0.63767
0.65383
0.59257
0.56587
0.51349
0.57674
0.55549
0.60225
0.65583
0.59357
0.64106
0.66852
0.68078
0.66715
0.68472
0.69738
0.71048
0.71532
0.71117
0.70344
0.74598
0.74129
0.68597
0.63489
0.64686
0.56472
0.63894
0.56521
0.55698
0.65654
0.58338
0.69769
0.7087
0.65139
0.73978
0.68982
0.74106
0.69208
0.7268
0.73195
0.58298
0.52252
0.63956
0.70311
0.67216
0.59075
0.51116
0.56587
0.65469
0.62107
0.65722
0.73825
0.54128
0.75903
0.60201
0.74662
0.60857
0.66088
0.64893
0.62075
0.68669
0.68983
0.58304
0.55024
0.5493
0.56157
0.56846
0.67888
0.59939
0.62902
0.57982
0.72957
0.57898
0.5629
0.55882
0.62894
0.54723
0.66265
0.65595
0.63838
0.77024
0.67137
0.7747
0.65946
0.69651
0.42644
0.61384
0.61665
0.59129
0.6312
0.64763
0.6322
0.49125
0.6098
0.38109
0.64936
0.59377
0.58212
0.71829
0.72899
0.72669
0.67843
0.59669
0.67786
0.65946
0.6275
0.63917
0.65173
0.65114
0.66918
0.69269
0.68199
0.63476
0.66041
0.66918
0.70489
0.59601
0.68781
0.65458
0.69637
0.73216
0.71823
0.71769
0.57109
0.64434
0.66057
0.62958
0.58878
0.63852
0.72738
0.62669
0.72514
0.65606
0.80681
0.70903
0.6712
0.70155
0.69908
0.69645
0.56008
0.53216
0.52262
0.53983
0.75478
0.68338
0.76008
0.78542
0.72073
0.67329
0.72488
0.66712
0.66009
0.59315
0.46147
0.49327
0.61867
0.63168
0.69001
0.61449
0.49549
0.68805
0.61154
0.63875
0.70883
0.64963
0.61049
0.60164
0.5264
0.55734
0.59497
0.61769
0.68147
0.5754
0.59051
0.57288
0.68568
0.73049
0.68127
0.65302
0.64389
0.70137
0.67653
0.7327
0.6828
0.74435
0.70982
0.72525
0.68788
0.59221
0.63158
0.64809
0.60989
0.70567
0.73137
0.72965
0.70364
0.70503
0.65362
0.54355
0.50879
0.53771
0.61653
0.69507
0.75187
0.63789
0.76976
0.71994
0.69873
0.63346
0.62039
0.49012
0.5297
0.62532
0.66761
0.59286
0.66717
0.60783
0.73643
0.54295
0.53442
0.62572
0.6997
0.68512
0.61434
0.68682
0.69041
0.67848
0.78315
0.77736
0.7247
0.66243
0.64064
0.49836
0.64894
0.64773
0.6994
0.63577
0.78041
0.61995
0.69414
0.56971
0.57746
0.63528
0.53548
0.74002
0.59211
0.79278
0.75399
0.74823
0.6514
0.61254
0.68288
0.68815
0.67321
0.62523
0.71997
0.74049
0.63444
0.76788
0.7218
0.61552
0.57536
0.58491
0.52697
0.47904
0.6644
0.6069
0.6897
0.58708
0.67583
0.62288
0.69818
0.63786
0.59827
0.60401
0.65236
0.58123
0.5475
0.58222
0.52994
0.51455
0.56076
0.54793
0.16938
0.58129
0.61387
0.58906
0.57711
0.66975
0.63828
0.64597
0.6805
0.55208
0.55466
0.58531
0.45595
0.44665
0.65179
0.68522
0.58038
0.60018
0.65996
0.57745
0.54048
0.68381
0.57626
0.5909
0.70369
0.70635
0.61943
0.72287
0.6418
0.64988
0.61726
0.60855
0.48707
0.51691
0.56916
0.41326
0.69963
0.64668
0.68258
0.66429
0.70856
0.74351
0.55729
0.66285
0.65149
0.58938
0.60546
0.49262
0.63416
0.65446
0.7174
0.71192
0.75315
0.79255
0.66536
0.76004
0.74074
0.6781
0.59298
0.60735
0.65502
0.49205
0.51348
0.59664
0.48821
0.59709
0.51737
0.65602
0.48289
0.52042
0.53955
0.59581
0.58799
0.61365
0.64077
0.60515
0.70824
0.70561
0.66715
0.74687
0.693
0.75937
0.72304
0.70811
0.50694
0.67785
0.66134
0.48805
0.64765
0.51257
0.55031
0.62841
0.5527
0.49896
0.66595
0.5722
0.65222
0.46649
0.64491
0.51064
0.50685
0.62019
0.5464
0.6856
0.65535
0.62065
0.39292
0.57997
0.57551
0.6444
0.63934
0.6162
0.51728
0.63159
0.67336
0.52207
0.38865
0.44664
0.58943
0.49191
0.53696
0.299
0.39028
0.65174
0.48834
0.54441
0.56712
0.55001
0.53413
0.69295
0.6794
0.66219
0.5825
0.64226
0.74904
0.59614
0.67156
0.64902
0.59734
0.57132
0.69986
0.4254
0.63487
0.59268
0.68914
0.61262
0.59677
0.6496
0.60061
0.56466
0.58347
0.71962
0.51926
0.58978
0.57241
0.68791
0.72374
0.49968
0.57125
0.57166
0.63766
0.70872
0.64011
0.72745
0.69728
0.79939
0.81697
0.78257
0.73908
0.6585
0.72851
0.39139
0.76891
0.66677
0.50904
0.45702
0.60329
0.70729
0.66819
0.71791
0.65351
0.72633
0.68194
0.53739
0.60241
0.45069
0.52859
0.56
0.71755
0.67059
0.61093
0.66977
0.62865
0.50749
0.4934
0.63916
0.63164
0.58585
0.61637
0.62546
0.67841
0.61248
0.58701
0.52882
0.71499
0.63277
0.57066
0.63798
0.70092
0.70931
0.60947
0.67833
0.53257
0.56339
0.60445
0.60595
0.57942
0.46426
0.40057
0.35786
0.54073
0.58188
0.66405
0.60427
0.56853
0.62846
0.54318
0.20006
0.52015
0.50912
0.56071
0.5903
0.64783
0.54579
0.79081
0.63166
0.69287
0.61732
0.68404
0.51901
0.67833
0.63596
0.56362
0.67603
0.71999
0.60543
0.63897
0.55985
0.46237
0.54144
0.64909
0.53344
0.65158
0.62238
0.66055
0.37507
0.55847
0.56468
0.58739
0.6083
0.57521
0.43396
0.63105
0.52862
0.57527
0.52112
0.6497
0.56212
0.53365
0.54059
0.48625
0.62039
0.67464
0.68244
0.70831
0.72509
0.64796
0.76235
0.67582
0.66779
0.67099
0.48711
0.53686
0.50622
0.52241
0.58289
0.43179
0.51964
0.47906
0.59816
0.33563
0.70298
0.47525
0.63731
0.66313
0.65324
0.59751
0.46831
0.59137
0.62057
0.57176
0.62557
0.62659
0.58931
0.60601
0.60507
0.62232
0.38787
0.62084
0.69085
0.5116
0.62744
0.56965
0.61602
0.67554
0.66148
0.73909
0.71564
0.68922
0.65814
0.62269
0.75033
0.73541
0.60962
0.67394
0.6173
0.57485
0.74956
0.75081
0.6429
0.65095
0.41113
0.62892
0.58923
0.52486
0.62757
0.7716
0.5994
0.62611
0.57964
0.62811
0.5079
0.57995
0.55085
0.65408
0.68522
0.59106
0.54212
0.63986
0.64306
0.55563
0.68179
0.59946
0.44872
0.44851
0.66983
0.70476
0.34327
0.67208
0.66502
0.53879
0.28185
0.52986
0.59762
0.67116
0.67964
0.73017
0.48897
0.68449
0.63779
0.58634
0.48132
0.54329
0.67353
0.63586
0.51559
0.76312
0.5488
0.63105
0.66219
0.57246
0.64414
0.60812
0.64175
0.67667
0.5924
0.67859
0.64442
0.38471
0.59822
0.53328
0.51491
0.61049
0.60778
0.63138
0.72498
0.6594
0.55489
0.67203
0.64677
0.63876
0.51051
0.58446
0.59537
0.47705
0.53092
0.68074
0.62482
0.35701
0.561
0.41548
0.65938
0.60456
0.61448
0.33472
0.58758
0.4181
0.55806
0.461
0.55108
0.60265
0.56152
0.64254
0.42168
0.58168
0.52211
0.56426
0.59085
0.52879
0.52827
0.59144
0.68758
0.75373
0.55968
0.58261
0.55442
0.40146
0.57587
0.57926
0.46293
0.64273
0.64234
0.49558
0.62222
0.60778
0.64389
0.56679
0.60468
0.34349
0.52005
0.54575
0.5455
0.57709
0.59229
0.54162
0.56385
0.61549
0.30912
0.35689
0.50634
0.48426
0.60815
0.63675
0.66813
0.65783
0.44151
0.39515
0.38496
0.56783
0.41937
0.46887
0.68984
0.65076
0.64309
0.67828
0.716
0.64424
0.61005
0.57164
0.61182
0.49075
0.48561
0.72493
0.65108
0.66193
0.64123
0.62614
0.62065
0.62401
0.51266
0.60231
0.61054
0.56045
0.49881
0.56895
0.59936
0.5593
0.50576
0.52002
0.52377
0.43617
0.43403
0.55546
0.52856
0.52787
0.61503
0.45173
0.5954
0.67129
0.65201
0.70753
0.64275
0.39575
0.53277
0.23766
0.65028
0.52957
0.55739
0.68705
0.60894
0.71288
0.65026
0.60322
0.71008
0.54904
0.72511
0.69657
0.59357
0.67496
0.39384
0.62755
0.68131
0.62854
0.58654
0.61567
0.22417
0.66033
0.55721
0.58809
0.64635
0.61531
0.57596
0.63748
0.68384
0.60642
0.50335
0.59914
0.5417
0.69724
0.66169
0.67714
0.55483
0.69003
0.52444
0.62579
0.68454
0.47895
0.61242
0.46282
0.43518
0.55503
0.58549
0.3306
0.5914
0.61286
0.71014
0.58849
0.73214
0.52829
0.77302
0.65388
0.57751
0.37401
0.37042
0.3413
0.58062
0.20984
0.49936
0.63017
0.54433
0.67464
0.66168
0.32483
0.61756
0.55386
0.62233
0.52448
0.4606
0.54738
0.50966
0.49603
0.58399
0.54679
0.61947
0.57875
0.49762
0.30427
0.47052
0.48574
0.66023
0.45207
0.53211
0.51397
0.73478
0.72716
0.69065
0.6546
0.55854
0.52768
0.53693
0.57378
0.49054
0.46775
0.35579
0.67508
0.59371
0.63058
0.43819
0.51296
0.52738
0.22228
0.51386
0.52332
0.52328
0.41008
0.65733
0.67441
0.64461
0.42295
0.56881
0.70103
0.63812
0.66758
0.65131
0.59781
0.46273
0.62679
0.50819
0.52213
0.543
0.55664
0.52126
0.48732
0.47607
0.37082
0.56568
0.45423
0.45431
0.55091
0.58307
0.61778
0.37141
0.46473
0.59524
0.55052
0.68385
0.56125
0.51591
0.63527
0.46255
0.51795
0.62659
0.3032
0.62337
0.46604
0.49085
0.58383
0.54018
0.4645
0.74031
0.63018
0.55294
0.48579
0.54868
0.46373
0.66587
0.58035
0.71297
0.59838
0.7267
0.7349
0.71136
0.69845
0.65914
0.71106
0.54418
0.3905
0.61197
0.59189
0.56183
0.66875
0.58816
0.65302
0.64511
0.4398
0.6116
0.36025
0.63106
0.4829
0.55027
0.47476
0.65092
0.68622
0.52276
0.68069
0.55146
0.65565
0.62641
0.6272
0.63872
0.49053
0.59034
0.59848
0.62205
0.71391
0.48067
0.62549
0.71026
0.67937
0.71812
0.64411
0.70837
0.53035
0.72008
0.66206
0.52817
0.64948
0.62374
0.59778
0.65468
0.69594
0.66426
0.54382
0.18682
0.64119
0.46798
0.64546
0.60889
0.52646
0.52678
0.46943
0.55471
0.54988
0.65849
0.62435
0.46258
0.58174
0.55136
0.59705
0.64392
0.54947
0.47141
0.5894
0.66109
0.63368
0.57399
0.61671
0.4324
0.50712
0.41374
0.46242
0.53953
0.35674
0.62884
0.60853
0.48872
0.65623
0.69624
0.6139
0.563
0.50696
0.69652
0.67331
0.43327
0.54647
0.6702
0.7484
0.7314
0.58612
0.62718
0.56758
0.63048
0.60374
0.7203
0.47154
0.66202
0.50825
0.64932
0.56487
0.39061
0.576
0.61566
0.62922
0.45516
0.45184
0.54323
0.64832
0.54984
0.60342
0.60107
0.41235
0.60875
0.28896
0.58559
0.52073
0.61338
0.41837
0.62527
0.59668
0.42449
0.44739
0.45552
0.52693
0.59136
0.54132
0.48373
0.56581
0.49338
0.46671
0.6053
0.46147
0.53031
0.61562
0.57063
0.57392
0.69125
0.6529
0.62565
0.67501
0.54185
0.43805
0.4935
0.6117
0.60289
0.39018
0.67994
0.73812
0.64669
0.71961
0.55777
0.61682
0.60131
0.29062
0.68589
0.71512
0.63644
0.37804
0.4464
0.58751
0.55381
0.68904
0.64328
0.48104
0.74025
0.37412
0.5049
0.57065
0.65117
0.43992
0.14016
0.45518
0.5548
0.3958
0.57599
0.64944
0.54993
0.67963
0.62166
0.60028
0.35884
0.50036
0.59176
0.62513
0.61018
0.63699
0.52208
0.51316
0.577
0.48187
0.38644
0.70113
0.66897
0.64358
0.52177
0.47176
0.61391
0.497
0.58839
0.52706
0.47558
0.49118
0.49757
0.68802
0.38637
0.60059
0.66388
0.55989
0.57585
0.71844
0.71818
0.62067
0.7211
0.49112
0.52924
0.39467
0.5963
0.41951
0.58073
0.588
0.59373
0.6051
0.42573
0.67869
0.58902
0.604
0.59961
0.43417
0.53121
0.25742
0.55079
0.44282
0.68177
0.62774
0.66811
0.62449
0.65499
0.5661
0.6284
0.59255
0.6015
0.5221
0.00025753
0.48904
0.30599
0.21167
0.52729
0.60716
0.47276
0.6599
0.6642
0.70809
0.6071
0.69005
0.44145
0.47389
0.55169
0.58232
0.57922
0.53977
0.4974
0.5987
0.56542
0.53426
0.55503
0.59644
0.60384
0.62922
0.59264
0.53762
0.66424
0.39322
0.59732
0.21748
0.47799
0.57969
0.50219
0.42465
0.49076
0.58175
0.62815
0.56933
0.47679
0.53773
0.58606
0.58945
0.54933
0.62066
0.46524
0.48792
0.31579
0.61443
0.58454
0.65991
0.65173
0.56161
0.71261
0.55325
0.51044
0.40619
0.40225
0.51917
0.51113
0.48952
0.47946
0.60933
0.6157
0.61889
0.64329
0.59856
0.5657
0.40958
0.53077
0.5209
0.46909
0.52588
0.69357
0.36211
0.4355
0.43809
0.45332
0.66634
0.59167
0.57514
0.59769
0.4225
0.37591
0.50298
0.10811
0.51571
0.22588
0.50637
0.45619
0.4725
0.26956
0.38755
0.53812
0.45263
0.6515
0.57386
0.56353
0.31986
0.40086
0.6589
0.59866
0.65801
0.69773
0.52711
0.5488
0.58639
0.66862
0.55825
0.45504
0.69938
0.62679
0.55649
0.46706
0.42895
0.62568
0.6567
0.62587
0.66483
0.66469
0.66911
0.66624
0.60201
0.28004
0.40561
0.46927
0.65947
0.52454
0.56874
0.39201
0.30426
0.56182
0.44932
0.45556
0.42784
0.48393
0.42952
0.58145
0.61128
0.52709
0.65177
0.60097
0.64593
0.65717
0.4986
0.59434
0.61511
0.46167
0.6373
0.51927
0.5873
0.51786
0.56154
0.53568
0.58534
0.47807
0.49324
0.48941
0.59931
0.31541
0.62312
0.5049
0.51497
0.48046
0.60116
0.28261
0.52816
0.47186
0.57656
0.57818
0.51766
0.55887
0.43092
0.49876
0.54031
0.45697
0.55314
0.50965
0.50032
0.60254
0.54041
0.63117
0.55555
0.53855
0.5627
0.59877
0.60423
0.69679
0.39861
0.65317
0.53492
0.2817
0.62894
0.54493
0.53753
0.50031
0.46458
0.53145
0.55518
0.53549
0.49125
0.54988
0.45406
0.57392
0.56538
0.1989
0.050958
0.4599
0.20376
0.15419
0.38145
0.082257
0.18338
0.31128
0.52377
0.51474
0.59353
0.47705
0.53431
0.59935
0.58247
0.71678
0.48321
0.59012
0.34952
0.46933
0.6227
0.64337
0.6363
0.71721
0.70435
0.65641
0.72876
0.59652
0.65429
0.67841
0.53009
0.6573
0.72712
0.40875
0.66976
0.44738
0.65595
0.30788
0.59787
0.46861
0.58103
0.51917
0.68104
0.54908
0.62276
0.35549
0.42656
0.58192
0.51359
0.4736
0.58102
0.52379
0.60491
0.59917
0.51261
0.51733
0.58825
0.60869
0.35845
0.50879
0.61435
0.6243
0.76652
0.5954
0.68194
0.51708
0.54145
0.32813
0.34473
0.43011
0.56206
0.50614
0.49123
0.47022
0.58924
0.45757
0.29758
0.50451
0.00025753
0.34343
0.52921
0.5859
0.5459
0.59869
0.40701
0.63383
0.53465
0.49604
0.40365
0.62015
0.62023
0.4597
0.60972
0.65017
0.61089
0.60021
0.64797
0.63437
0.61765
0.66953
0.49838
0.63748
0.53176
0.47521
0.53928
0.47646
0.6377
0.46133
0.59007
0.40122
0.60144
0.43917
0.76608
0.67354
0.57839
0.6124
0.49913
0.71728
0.43953
0.63093
0.42396
0.5885
0.60188
0.52564
0.50456
0.52352
0.45361
0.56069
0.62513
0.48085
0.47286
0.59667
0.43915
0.45483
0.39701
0.17864
0.29919
0.57255
0.40208
0.47618
0.58816
0.49129
0.51531
0.5998
0.65411
0.435
0.44723
0.58972
0.44948
0.36025
0.38823
0.35687
0.30436
0.4163
0.59821
0.39257
0.51968
0.45134
0.52206
0.50133
0.42177
0.31216
0.54
0.48011
0.50614
0.52843
0.52689
0.49794
0.53329
0.5494
0.33154
0.6378
0.52407
0.28628
0.51748
0.54339
0.50054
0.56564
0.42457
0.51999
0.65654
0.59045
0.25529
0.62405
0.53839
0.47868
0.4819
0.54856
0.39108
0.55263
0.59132
0.6186
0.63198
0.63355
0.68996
0.66449
0.62218
0.46845
0.57711
0.61151
0.47388
0.59543
0.53447
0.38389
0.58114
0.54897
0.58589
0.41526
0.48357
0.30412
0.37533
0.51511
0.57924
0.368
0.60288
0.39069
0.40094
0.35278
0.00025753
0.53016
0.40548
0.48399
0.67762
0.50539
0.5167
0.67843
0.45107
0.59051
0.51693
0.43066
0.41144
0.60492
0.36725
0.54448
0.58888
0.51346
0.4267
0.60122
0.62716
0.31451
0.55736
0.40988
0.50928
0.59909
0.56768
0.55304
0.5102
0.54837
0.56713
0.57633
0.60282
0.58172
0.33885
0.6268
0.5907
0.37235
0.35327
0.4596
0.40461
0.37728
0.52643
0.14247
0.4364
0.66049
0.52935
0.60628
0.50164
0.60056
0.64504
0.5247
0.43067
0.351
0.24799
0.42879
0.32933
0.36723
0.34227
0.47118
0.40067
0.23662
0.27349
0.61211
0.61556
0.6174
0.6548
0.67349
0.72522
0.66257
0.4625
0.46238
0.36056
0.49001
0.53728
0.54431
0.49789
0.1297
0.40679
0.42598
0.47859
0.4024
0.59115
0.55298
0.63528
0.42475
0.60474
0.76495
0.51103
0.59294
0.51094
0.52679
0.53025
0.55141
0.52206
0.16953
0.36424
0.29523
0.17754
0.3836
0.52536
0.4089
0.61674
0.61347
0.61336
0.64725
0.64872
0.59297
0.56622
0.56394
0.55384
0.4341
0.48102
0.059144
0.39978
0.44758
0.55058
0.53495
0.52337
0.61708
0.32177
0.52724
0.56272
0.46871
0.56951
0.43829
0.20584
0.45275
0.68453
0.45272
0.43665
0.66096
0.70036
0.31107
0.65998
0.53276
0.60542
0.58598
0.52898
0.67289
0.67161
0.54191
0.63518
0.60704
0.43913
0.59521
0.50092
0.50972
0.49705
0.69241
0.68445
0.52444
0.67681
0.45635
0.42743
0.50293
0.51215
0.49264
0.59687
0.44723
0.36813
0.53842
0.27744
0.40425
0.50876
0.609
0.29578
0.55954
0.28954
0.19014
0.67109
0.60778
0.61594
0.47245
0.49028
0.46645
0.65151
0.57157
0.55701
0.75463
0.64335
0.28617
0.40767
0.70317
0.41605
0.5268
0.45894
0.51939
0.51196
0.31745
0.42729
0.54654
0.33905
0.4674
0.48783
0.43543
0.39379
0.58113
0.58959
0.43807
0.43137
0.4969
0.61266
0.59533
0.52858
0.56659
0.46219
0.51618
0.37419
0.47071
0.43044
0.40505
0.27082
0.44748
0.49609
0.6119
0.52441
0.4293
0.65802
0.42648
0.64805
0.49296
0.57661
0.18856
0.55603
0.56684
0.64282
0.63397
0.55249
0.73848
0.49183
0.59425
0.62521
0.60824
0.63137
0.43678
0.54012
0.39399
0.51541
0.68089
0.56501
0.4846
0.56749
0.46681
0.42057
0.46042
0.202
0.44153
0.37461
0.4671
0.49216
0.26252
0.45955
0.53761
0.53421
0.42441
0.52725
0.56202
0.36016
0.29909
0.43334
0.45469
0.24176
0.00025753
0.16528
0.43211
0.43632
0.48704
0.53253
0.33855
0.55261
0.00025753
0.36915
0.41133
0.60286
0.58424
0.26966
0.58138
0.60179
0.69535
0.55554
0.66421
0.68506
0.54404
0.41377
0.42755
0.46919
0.17173
0.50479
0.26119
0.62274
0.33393
0.35154
0.40895
0.46166
0.23992
0.35535
0.40959
0.26138
0.23283
0.00025753
0.53759
0.64781
0.46502
0.62318
0.48031
0.45062
0.25654
0.33396
0.65069
0.38019
0.23693
0.50665
0.69125
0.686
0.5638
0.60711
0.67415
0.49451
0.54584
0.58996
0.37748
0.58008
0.47797
0.16789
0.53269
0.44276
0.35168
0.37643
0.5946
0.55442
0.33778
0.50259
0.57053
0.61623
0.47627
0.54265
0.42412
0.19912
0.35271
0.41762
0.21758
0.62581
0.57588
0.54127
0.63911
0.58417
0.61298
0.24428
0.52686
0.65365
0.5963
0.5272
0.37736
0.44556
0.34013
0.35805
0.26233
0.25393
0.487
0.57032
0.43683
0.46395
0.506
0.00025753
0.52954
0.16866
0.45437
0.41687
0.33016
0.58299
0.51336
0.22761
0.53573
0.40318
0.3116
0.53278
0.55796
0.46804
0.59694
0.041007
0.3007
0.58244
0.56069
0.44322
0.34391
0.6456
0.49409
0.4396
0.45473
0.69214
0.75226
0.54896
0.69874
0.49118
0.5249
0.51354
0.335
0.53475
0.30187
0.46525
0.5855
0.50748
0.51173
0.39683
0.46836
0.4388
0.36901
0.57842
0.09657
0.55858
0.5189
0.57399
0.39395
0.58727
0.52187
0.36068
0.61629
0.55847
0.51253
0.19768
0.22577
0.18817
0.26185
0.39913
0.33836
0.42606
0.45967
0.46985
0.68398
0.54351
0.55163
0.62956
0.50772
0.5776
0.31794
0.70647
0.51561
0.58785
0.54658
0.60851
0.58387
0.54585
0.43521
0.43968
0.57089
0.27447
0.48468
0.47608
0.53619
0.3276
0.51203
0.32639
0.5722
0.43258
0.44206
0.44878
0.44475
0.39667
0.047019
0.45483
0.34722
0.30058
0.51524
0.57791
0.62994
0.47262
0.50723
0.44537
0.58967
0.63688
0.56677
0.55908
0.50459
0.39104
0.29504
0.51711
0.51067
0.52643
0.63014
0.68072
0.63721
0.58009
0.08859
0.39237
0.27073
0.2637
0.32852
0.63032
0.68047
0.40769
0.49917
0.31147
0.46897
0.31646
0.48395
0.49825
0.51273
0.65362
0.53161
0.31252
0.41758
0.54748
0.64671
0.56935
0.3803
0.41939
0.1775
0.00025753
0.33472
0.35966
0.28923
0.21016
0.56653
0.5888
0.35802
0.42974
0.014412
0.43658
0.50348
0.00025753
0.52296
0.25797
0.53153
0.50685
0.61726
0.63064
0.50102
0.67062
0.10835
0.48268
0.45695
0.67396
0.51367
0.61498
0.27127
0.32583
0.53814
0.1822
0.53621
0.27071
0.56038
0.56117
0.57291
0.25849
0.50498
0.42404
0.43172
0.60676
0.44859
0.41561
0.6276
0.40605
0.50846
0.33859
0.42891
0.62357
0.41137
0.62515
0.50574
0.35986
0.44567
0.42367
0.56145
0.49657
0.54091
0.56407
0.60866
0.59124
0.45763
0.67223
0.63751
0.49887
0.52319
0.56686
0.53482
0.6018
0.17329
0.26882
0.10961
0.21313
0.37713
0.56415
0.21615
0.46795
0.56119
0.46634
0.12185
0.43679
0.26233
0.44094
0.32761
0.51347
0.52878
0.49651
0.53773
0.3975
0.44367
0.22751
0.00025753
0.56527
0.47413
0.49229
0.58432
0.53234
0.54149
0.26736
0.41632
0.26441
0.59178
0.57957
0.023481
0.57838
0.5186
0.59803
0.55911
0.5117
0.59222
0.33987
0.65105
0.44493
0.34802
0.30887
0.54827
0.56997
0.47329
0.59372
0.58521
0.60539
0.59859
0.46759
0.55749
0.503
0.41716
0.48249
0.5505
0.51784
0.45123
0.17066
0.56642
0.38223
0.5486
0.20504
0.45039
0.30702
0.48398
0.37201
0.52277
0.36722
0.33826
0.45858
0.33705
0.21734
0.54897
0.24268
0.47219
0.18536
0.46333
0.5196
0.15418
0.51551
0.5147
0.45112
0.5448
0.18761
0.36173
0.48383
0.29712
0.19682
0.061636
0.3737
0.29149
0.28894
0.00025753
0.40996
0.48166
0.60015
0.40571
0.095619
0.49883
0.4296
0.20828
0.031757
0.35661
0.21406
0.39989
0.32084
0.2434
0.57643
0.3691
0.51437
0.38951
0.3595
0.5164
0.60642
0.61953
0.59627
0.42391
0.53063
0.67007
0.5717
0.57584
0.2523
0.55365
0.59895
0.48493
0.64985
0.26899
0.45399
0.40016
0.00025753
0.42135
0.37574
0.48684
0.55128
0.37793
0.27657
0.49498
0.58067
0.48232
0.33875
0.00025753
0.20613
0.32451
0.31796
0.45225
0.060223
0.45004
0.54395
0.48494
0.61905
0.4934
0.3744
0.48645
0.60969
0.52792
0.63932
0.47174
0.50033
0.45777
0.65801
0.61685
0.63821
0.74959
0.31567
0.5854
0.64954
0.20917
0.11569
0.3654
0.33476
0.54131
0.41497
0.40544
0.5209
0.24454
0.29368
0.21972
0.49319
0.33565
0.38511
0.33802
0.18914
0.00025753
0.48777
0.52036
0.54085
0.63915
0.41882
0.66503
0.43819
0.47037
0.50087
0.37754
0.25518
0.32458
0.21523
0.09857
0.40115
0.1676
0.52753
0.64437
0.59004
0.62536
0.70649
0.54874
0.43857
0.55608
0.37964
0.33951
0.39302
0.3997
0.2347
0.21235
0.39302
0.30578
0.25028
0.51476
0.25813
0.28257
0.41855
0.55695
0.45791
0.46663
0.39878
0.54705
0.57216
0.44608
0.36594
0.49015
0.56253
0.5837
0.48625
0.26185
0.00025753
0.27154
0.46473
0.56176
0.54181
0.62273
0.5782
0.00025753
0.00025753
0.25484
0.57832
0.38324
0.59253
0.17732
0.53847
0.41185
0.47461
0.43468
0.12793
0.33662
0.40087
0.3082
0.00025753
0.34624
0.246
0.14116
0.33297
0.18672
0.54321
0.53794
0.59336
0.40472
0.6415
0.092474
0.2935
0.27849
0.33581
0.39305
0.3984
0.4315
0.36996
0.4862
0.1899
0.32722
0.36307
0.37769
0.40378
0.42308
0.3841
0.32039
0.48299
0.23369
0.29248
0.34702
0.55274
0.51649
0.37456
0.41931
0.00025753
0.3401
0.00025753
0.00025753
0.00025753
0.37043
0.3865
0.51069
0.45057
0.53123
0.5174
0.57133
0.057274
0.49721
0.44135
0.00025753
0.33695
0.27276
0.42028
0.44928
0.42725
0.49076
0.37621
0.48419
0.29339
0.3644
0.50643
0.73314
0.62959
0.49244
0.31355
0.402
0.29538
0.12286
0.24555
0.29263
0.20703
0.43114
0.44083
0.10237
0.32828
0.62001
0.53551
0.61572
0.51124
0.59783
0.63674
0.41318
0.56846
0.42442
0.45821
0.51784
0.53124
0.47088
0.52537
0.63225
0.52057
0.57591
0.37371
0.02324
0.45892
0.62315
0.5561
0.38869
0.36437
0.45991
0.34283
0.39976
0.68556
0.12907
0.42383
0.49903
0.60207
0.51641
0.57383
0.58134
0.60654
0.46552
0.39332
0.54245
0.19442
0.45499
0.12489
0.14967
0.45816
0.45341
0.58326
0.33234
0.050761
0.23909
0.13033
0.11417
0.02433
0.60704
0.44786
0.43492
0.52221
0.53481
0.52021
0.13627
0.43696
0.00025753
0.25613
0.27347
0.35738
0.52086
0.5087
0.30948
0.27691
0.57184
0.49654
0.33222
0.29916
0.43947
0.46378
0.52482
0.42923
0.36226
0.52169
0.33832
0.066666
0.36099
0.47178
0.0021959
0.00025753
0.00025753
0.59286
0.53172
0.091744
0.53022
0.32055
0.47993
0.24979
0.51691
0.30029
0.3832
0.20286
0.58818
0.45023
0.57927
0.54427
0.70219
0.60145
0.5722
0.53727
0.67745
0.54042
0.52379
0.23687
0.2212
0.29847
0.36968
0.39567
0.35051
0.38116
0.23724
0.00025753
0.27361
0.33781
0.56691
0.57314
0.29446
0.40345
0.41407
0.56165
0.29737
0.00025753
0.29729
0.00025753
0.12384
0.2449
0.39458
0.49024
0.25625
0.58829
0.47159
0.40334
0.075917
0.42724
0.28977
0.29139
0.44805
0.30244
0.31256
0.36457
0.44223
0.29497
0.42475
0.43762
0.47595
0.30022
0.35942
0.34676
0.5268
0.61666
0.53878
0.42654
0.53988
0.60103
0.43885
0.21629
0.45303
0.36123
0.34774
0.56496
0.26117
0.35151
0.33089
0.48295
0.58232
0.52076
0.43092
0.52086
0.46038
0.45734
0.61481
0.16934
0.39916
0.27834
0.090475
0.31726
0.56908
0.00025753
0.36584
0.48231
0.46334
0.25637
0.47439
0.12595
0.69832
0.50093
0.1962
0.57221
0.56342
0.49165
0.00025753
0.08333
0.35901
0.39804
0.21925
0.31867
0.19615
0.11778
0.00025753
0.23438
0.00025753
0.42272
0.56731
0.53172
0.33874
0.54175
0.0072624
0.55002
0.00025753
0.56511
0.56712
0.71516
0.77212
0.66807
0.6031
0.45834
0.13178
0.54761
0.51618
0.40291
0.45424
0.50829
0.3333
0.38785
0.20297
0.41513
0.27602
0.43961
0.037177
0.46769
0.55352
0.64881
0.41365
0.34619
0.46179
0.60798
0.6215
0.22409
0.4331
0.37269
0.39317
0.50445
0.28903
0.28552
0.1741
0.31821
0.11662
0.18422
0.60543
0.49862
0.55205
0.54624
0.37493
0.59579
0.5034
0.33081
0.44427
0.10241
0.018342
0.09418
0.46297
0.39507
0.00025753
0.52471
0.41114
0.40151
0.21271
0.00025753
0.18719
0.35922
0.63706
0.00025753
0.24025
0.36311
0.22884
0.033239
0.26166
0.48291
0.4902
0.33123
0.28123
0.4071
0.4878
0.32444
0.46225
0.00025753
0.23253
0.25894
0.44341
0.37947
0.47102
0.58628
0.50774
0.31133
0.3625
0.47593
0.5078
0.22359
0.34064
0.50604
0.34965
0.40503
0.00025753
0.44351
0.00025753
0.00025753
0.3203
0.063823
0.31387
0.36722
0.0061442
0.17712
0.2919
0.33882
0.35008
0.00025753
0.11438
0.44678
0.57352
0.66701
0.57123
0.55366
0.00025753
0.49448
0.027709
0.34485
0.39141
0.37834
0.36249
0.49179
0.58657
0.33999
0.30782
0.6418
0.57828
0.28402
0.13774
0.33529
0.53614
0.58949
0.56908
0.45518
0.69863
0.48434
0.27658
0.40301
0.39947
0.31073
0.24764
0.15863
0.53063
0.46327
0.00025753
0.51261
0.53731
0.47582
0.24944
0.39486
0.47719
0.53785
0.44522
0.13343
0.29942
0.56289
0.24542
0.48782
0.50347
0.44515
0.5023
0.49151
0.39697
0.032483
0.12979
0.28002
0.00025753
0.00025753
0.4344
0.056297
0.48659
0.25563
0.50579
0.20663
0.24507
0.00025753
0.30442
0.00025753
0.47558
0.34177
0.16815
0.49062
0.39559
0.64951
0.64207
0.63068
0.52823
0.58215
0.42467
0.33958
0.66571
0.49805
0.00025753
0.32387
0.43794
0.36597
0.64016
0.39968
0.36999
0.43563
0.14624
0.4335
0.63186
0.5281
0.38747
0.12876
0.40633
0.29987
0.079491
0.49117
0.24823
0.00025753
0.39405
0.27284
0.48153
0.47002
0.15824
0.00025753
0.22108
0.44678
0.4124
0.34018
0.56202
0.49007
0.50652
0.57976
0.40559
0.22795
0.44555
0.32202
0.36132
0.3518
0.45349
0.38673
0.037203
0.063399
0.089237
0.50724
0.48906
0.45737
0.57318
0.58919
0.00025753
0.27385
0.53553
0.5187
0.50801
0.44164
0.45339
0.00025753
0.29766
0.27553
0.078802
0.34047
0.034146
0.26961
0.23245
0.00025753
0.23792
0.39333
0.31753
0.48084
0.59803
0.45438
0.16809
0.45505
0.25588
0.16496
0.00025753
0.2229
0.45518
0.26767
0.33848
0.00025753
0.090267
0.48882
0.44286
0.61272
0.19857
0.19853
0.59239
0.066591
0.13087
0.40499
0.57297
0.45615
0.5483
0.38169
0.5123
0.63473
0.60543
0.49536
0.17536
0.45109
0.64118
0.59605
0.31437
0.35508
0.49154
0.39856
0.37303
0.25763
0.51561
0.60339
0.29403
0.45679
0.26493
0.56273
0.5707
0.59293
0.64525
0.28734
0.61498
0.47648
0.57368
0.00025753
0.37203
0.38098
0.38628
0.30148
0.1321
0.25483
0.18553
0.28336
0.00025753
0.15975
0.39474
0.34684
0.16706
0.41917
0.53123
0.57028
0.42635
0.27295
0.069019
0.40118
0.57608
0.37933
0.2314
0.12933
0.060817
0.48849
0.30748
0.34021
0.38578
0.18919
0.00025753
0.00025753
0.50661
0.027891
0.34916
0.26054
0.13317
0.23291
0.00025753
0.61562
0.6509
0.00025753
0.25631
0.47183
0.49679
0.65529
0.34795
0.44823
0.32249
0.23254
0.37614
0.098186
0.33726
0.44148
0.2614
0.44123
0.00025753
0.40829
0.36433
0.00025753
0.072649
0.17411
0.10998
0.00025753
0.21462
0.32026
0.47431
0.45704
0.00025753
0.29882
0.43925
0.40624
0.35289
0.40358
0.16142
0.43612
0.54872
0.39472
0.10556
0.2881
0.32863
0.54127
0.3883
0.55801
0.37003
0.00025753
0.54911
0.18117
0.43659
0.50194
0.016594
0.41366
0.19167
0.35349
0.43008
0.24122
0.54156
0.21905
0.31424
0.34964
0.29318
0.077428
0.00025753
0.27722
0.091204
0.033712
0.00025753
0.37411
0.49276
0.50786
0.51303
0.45439
0.39628
0.46379
0.36804
0.069727
0.18818
0.33412
0.58916
0.32939
0.26836
0.5413
0.50463
0.32101
0.50475
0.64494
0.44704
0.51062
0.25165
0.05814
0.4992
0.37011
0.00025753
0.42493
0.43763
0.00025753
0.47194
0.14286
0.037592
0.52902
0.55036
0.31141
0.30174
0.58677
0.38137
0.31083
0.28315
0.42995
0.45515
0.12928
0.00025753
0.33943
0.00025753
0.011828
0.3323
0.12333
0.14388
0.036178
0.34712
0.01631
0.014046
0.37819
0.35063
0.00025753
0.00025753
0.00025753
0.13443
0.0064209
0.32617
0.31462
0.00025753
0.2181
0.43729
0.64849
0.52739
0.53474
0.56006
0.16893
0.29808
0.54712
0.45513
0.10304
0.45663
0.47515
0.6224
0.3333
0.21755
0.53072
0.10788
0.16263
0.48013
0.31408
0.55587
0.50608
0.64144
0.24487
0.63266
0.38533
0.3497
0.32953
0.00025753
0.49643
0.4578
0.53666
0.33174
0.00025753
0.34078
0.123
0.00025753
0.47001
0.003726
0.23113
0.332
0.39655
0.00025753
0.34498
0.22215
0.1387
0.48555
0.44755
0.46025
0.19912
0.44987
0.00025753
0.48248
0.59934
0.31579
0.33729
0.30141
0.37994
0.23518
0.1349
0.27334
0.2764
0.21602
0.00025753
0.36088
0.42776
0.53916
0.11267
0.00025753
0.19749
0.3612
0.41465
0.50013
0.41555
0.28399
0.40539
0.4703
0.22492
0.34477
0.60414
0.37691
0.36597
0.5799
0.1877
0.42513
0.00025753
0.37453
0.18773
0.37752
0.48981
0.55702
0.32606
0.0022591
0.0079413
0.42137
0.00025753
0.23371
0.14355
0.00025753
0.00025753
0.00025753
0.66222
0.00025753
0.60577
0.15401
0.16132
0.089771
0.00025753
0.031879
0.14052
0.40387
0.074352
0.027402
0.33763
0.43351
0.35938
0.60862
0.36453
0.56665
0.40236
0.52352
0.36573
0.55886
0.0032003
0.42176
0.51165
0.38595
0.45892
0.37341
0.4272
0.00025753
0.49842
0.58041
0.39437
0.57882
0.18078
0.476
0.15321
0.54017
0.026941
0.00025753
0.32054
0.52898
0.51153
0.41069
0.23154
0.4375
0.49514
0.49014
0.19254
0.39599
0.41754
0.47316
0.50832
0.37073
0.64543
0.19352
0.47843
0.42531
0.41187
0.31738
0.20753
0.16548
0.00025753
0.25417
0.098242
0.62737
0.53297
0.00025753
0.27567
0.53035
0.57123
0.29184
0.57011
0.36935
0.57197
0.50641
0.49346
0.69423
0.28475
0.00025753
0.32879
0.41363
0.45405
0.35045
0.17023
0.32745
0.00025753
0.094497
0.40921
0.20511
0.5903
0.40023
0.48983
0.11397
0.016003
0.022886
0.5693
0.00025753
0.39226
0.2485
0.21615
0.33143
0.35519
0.013851
0.46169
0.061622
0.22886
0.20648
0.37691
0.16711
0.027925
0.00025753
0.00025753
0.00025753
0.35778
0.2257
0.35205
0.00025753
0.00025753
0.21565
0.24559
0.19066
0.27985
0.37225
0.32814
0.00025753
0.22514
0.32435
0.20186
0.53308
0.59225
0.53452
0.45519
0.40671
0.49449
0.52821
0.57461
0.31961
0.23595
0.36709
0.50077
0.31172
0.53491
0.48164
0.14949
0.22539
0.59585
0.49856
0.33527
0.4139
0.0060717
0.00025753
0.055053
0.41404
0.38101
0.020953
0.00025753
0.31728
0.049277
0.57337
0.56602
0.47379
0.51017
0.55801
0.46334
0.30768
0.48989
0.55642
0.36116
0.00025753
0.015275
0.16288
0.061542
0.26513
0.30209
0.10063
0.34949
0.32791
0.17589
0.26054
0.53702
0.27286
0.28308
0.00025753
0.00025753
0.00025753
0.57021
0.35713
0.43729
0.4188
0.3038
0.29306
0.21881
0.27198
0.11649
0.45385
0.4012
0.012451
0.41878
0.45945
0.27509
0.00025753
0.34498
0.071854
0.31891
0.45392
0.29685
0.48721
0.53038
0.2329
0.26051
0.39549
0.195
0.44694
0.30538
0.00025753
0.50455
0.12421
0.57727
0.51401
0.66875
0.18934
0.43037
0.52489
0.53913
0.33056
0.19456
0.54446
0.60332
0.59019
0.54591
0.17361
0.62925
0.65101
0.26234
0.47512
0.069806
0.22954
0.38246
0.24631
0.14932
0.00025753
0.080157
0.049844
0.14114
0.2537
0.26013
0.34864
0.43412
0.57401
0.6246
0.40414
0.42702
0.68761
0.47059
0.23983
0.44595
0.25667
0.21223
0.08951
0.00025753
0.00025753
0.00025753
0.41652
0.30148
0.46286
0.26241
0.36969
0.61379
0.39322
0.48256
0.43665
0.24983
0.60875
0.67724
0.44032
0.00025753
0.14418
0.52454
0.56661
0.49451
0.31651
0.39089
0.44379
0.15727
0.23434
0.11332
0.57027
0.24934
0.44963
0.43483
0.00025753
0.29765
0.45426
0.40624
0.2056
0.096542
0.34059
0.59274
0.42224
0.42137
0.3307
0.3959
0.00025753
0.00025753
0.26704
0.13835
0.56945
0.61826
0.00025753
0.5459
0.2305
0.00025753
0.22737
0.39995
0.2482
0.00025753
0.00025753
0.14768
0.14002
0.49723
0.44387
0.20063
0.63982
0.60145
0.50304
0.534
0.57339
0.41189
0.10554
0.00025753
0.00025753
0.068838
0.20477
0.50745
0.30622
0.58029
0.39837
0.49956
0.67909
0.34419
0.6636
0.39764
0.38974
0.25983
0.20614
0.17269
0.12961
0.30681
0.36445
0.00025753
0.21148
0.54856
0.29629
0.12263
0.00025753
0.29879
0.16944
0.08339
0.34099
0.15558
0.00025753
0.37429
0.22092
0.3426
0.10248
0.27612
0.30552
0.5018
0.00025753
0.48076
0.19652
0.40746
0.00025753
0.23377
0.30174
0.44507
0.076157
0.00025753
0.00025753
0.46465
0.33709
0.00025753
0.30948
0.00025753
0.0099074
0.00025753
0.37693
0.047254
0.038724
0.00025753
0.3293
0.14347
0.53538
0.42609
0.48513
0.49572
0.61254
0.56494
0.21973
0.20911
0.44509
0.33266
0.57902
0.33526
0.00025753
0.11232
0.30637
0.0075325
0.32289
0.20805
0.28702
0.2532
0.40433
0.078341
0.079855
0.13103
0.46246
0.068898
0.00025753
0.28628
0.12857
0.31124
0.41784
0.40825
0.066613
0.36039
0.26667
0.1339
0.5549
0.18019
0.34008
0.00025753
0.47281
0.42877
0.44282
0.23519
0.17418
0.49028
0.46882
0.00025753
0.25076
0.00025753
0.42032
0.18273
0.10533
0.00025753
0.44915
0.073272
0.29153
0.31124
0.00025753
0.00025753
0.00025753
0.00025753
0.4666
0.33056
0.00025753
0.58808
0.48371
0.24865
0.59543
0.13788
0.17674
0.10337
0.55402
0.26383
0.39707
0.16149
0.00025753
0.327
0.222
0.00025753
0.2787
0.2983
0.3171
0.00025753
0.37898
0.45338
0.48085
0.31362
0.43359
0.31959
0.39701
0.24927
0.50676
0.10357
0.04974
0.00025753
0.049411
0.00025753
0.21602
0.43593
0.024167
0.00025753
0.00025753
0.00025753
0.28926
0.3776
0.3421
0.36651
0.39724
0.00025753
0.3018
0.40777
0.58855
0.23578
0.58067
0.087794
0.031861
0.2901
0.0073863
0.18316
0.00025753
0.35832
0.20862
0.071265
0.17518
0.00025753
0.1989
0.03887
0.23328
0.58781
0.37549
0.11252
0.3539
0.38287
0.11872
0.31174
0.11619
0.00025753
0.10156
0.35604
0.23312
0.060191
0.28974
0.34064
0.00025753
0.43528
0.00025753
0.074415
0.23695
0.21405
0.24316
0.36249
0.00025753
0.032159
0.40581
0.00025753
0.4826
0.00025753
